color[0][12,19,32,255]
cut[0][X][150]
color[0.1][86,77,70,255]
merge[0.0][0.1]
cut[1][X][153]
color[1.1][175,159,131,255]
merge[1.0][1.1]
cut[2][153,5]
color[2.2][81,81,90,255]
merge[2.3][2.0]
merge[2.2][2.1]
merge[4][3]
cut[5][150,10]
color[5.2][10,16,27,255]
merge[5.3][5.0]
merge[5.2][5.1]
merge[7][6]
cut[8][152,8]
color[8.2][14,20,30,255]
merge[8.3][8.0]
merge[8.2][8.1]
merge[10][9]
cut[11][155,5]
color[11.2][182,163,132,255]
merge[11.3][11.0]
merge[11.2][11.1]
merge[13][12]
cut[14][155,10]
color[14.2][78,78,80,255]
merge[14.3][14.0]
merge[14.2][14.1]
merge[16][15]
cut[17][156,10]
color[17.2][140,139,132,255]
merge[17.3][17.0]
merge[17.2][17.1]
merge[19][18]
cut[20][156,13]
color[20.2][68,66,69,255]
merge[20.3][20.0]
merge[20.2][20.1]
merge[22][21]
cut[23][158,13]
color[23.2][144,148,148,255]
merge[23.3][23.0]
merge[23.2][23.1]
merge[25][24]
cut[26][157,19]
color[26.2][125,131,129,255]
merge[26.3][26.0]
merge[26.2][26.1]
merge[28][27]
cut[29][155,35]
color[29.2][13,19,31,255]
merge[29.3][29.0]
merge[29.2][29.1]
merge[31][30]
cut[32][157,34]
color[32.2][81,70,63,255]
merge[32.3][32.0]
merge[32.2][32.1]
merge[34][33]
cut[35][159,34]
color[35.2][132,136,128,255]
merge[35.3][35.0]
merge[35.2][35.1]
merge[37][36]
cut[38][157,41]
color[38.2][10,10,14,255]
merge[38.3][38.0]
merge[38.2][38.1]
merge[40][39]
cut[41][159,39]
color[41.2][75,64,50,255]
merge[41.3][41.0]
merge[41.2][41.1]
merge[43][42]
cut[44][160,39]
color[44.2][129,128,123,255]
merge[44.3][44.0]
merge[44.2][44.1]
merge[46][45]
cut[47][160,43]
color[47.2][53,49,51,255]
merge[47.3][47.0]
merge[47.2][47.1]
merge[49][48]
cut[50][162,43]
color[50.2][127,128,120,255]
merge[50.3][50.0]
merge[50.2][50.1]
merge[52][51]
cut[53][162,46]
color[53.2][47,47,58,255]
merge[53.3][53.0]
merge[53.2][53.1]
merge[55][54]
cut[56][163,46]
color[56.2][113,110,105,255]
merge[56.3][56.0]
merge[56.2][56.1]
merge[58][57]
cut[59][163,48]
color[59.2][40,37,38,255]
merge[59.3][59.0]
merge[59.2][59.1]
merge[61][60]
cut[62][165,48]
color[62.2][116,115,107,255]
merge[62.3][62.0]
merge[62.2][62.1]
merge[64][63]
cut[65][165,52]
color[65.2][38,38,38,255]
merge[65.3][65.0]
merge[65.2][65.1]
merge[67][66]
cut[68][167,52]
color[68.2][138,136,129,255]
merge[68.3][68.0]
merge[68.2][68.1]
merge[70][69]
cut[71][167,56]
color[71.2][76,76,73,255]
merge[71.3][71.0]
merge[71.2][71.1]
merge[73][72]
cut[74][169,56]
color[74.2][147,143,132,255]
merge[74.3][74.0]
merge[74.2][74.1]
merge[76][75]
cut[77][169,61]
color[77.2][69,71,67,255]
merge[77.3][77.0]
merge[77.2][77.1]
merge[79][78]
cut[80][167,64]
color[80.2][9,16,24,255]
merge[80.3][80.0]
merge[80.2][80.1]
merge[82][81]
cut[83][181,50]
color[83.2][205,163,121,255]
merge[83.3][83.0]
merge[83.2][83.1]
merge[85][84]
cut[86][171,61]
color[86.2][137,137,128,255]
merge[86.3][86.0]
merge[86.2][86.1]
merge[88][87]
cut[89][171,65]
color[89.2][54,55,51,255]
merge[89.3][89.0]
merge[89.2][89.1]
merge[91][90]
cut[92][173,65]
color[92.2][149,149,133,255]
merge[92.3][92.0]
merge[92.2][92.1]
merge[94][93]
cut[95][173,67]
color[95.2][65,71,76,255]
merge[95.3][95.0]
merge[95.2][95.1]
merge[97][96]
cut[98][174,67]
color[98.2][147,141,126,255]
merge[98.3][98.0]
merge[98.2][98.1]
merge[100][99]
cut[101][193,50]
color[101.2][107,112,116,255]
merge[101.3][101.0]
merge[101.2][101.1]
merge[103][102]
cut[104][174,71]
color[104.2][67,77,99,255]
merge[104.3][104.0]
merge[104.2][104.1]
merge[106][105]
cut[107][194,53]
color[107.2][219,178,134,255]
merge[107.3][107.0]
merge[107.2][107.1]
merge[109][108]
cut[110][176,72]
color[110.2][139,151,168,255]
merge[110.3][110.0]
merge[110.2][110.1]
merge[112][111]
cut[113][177,71]
color[113.2][172,148,126,255]
merge[113.3][113.0]
merge[113.2][113.1]
merge[115][114]
cut[116][177,74]
color[116.2][206,215,226,255]
merge[116.3][116.0]
merge[116.2][116.1]
merge[118][117]
cut[119][193,58]
color[119.2][200,166,129,255]
merge[119.3][119.0]
merge[119.2][119.1]
merge[121][120]
cut[122][180,74]
color[122.2][152,143,136,255]
merge[122.3][122.0]
merge[122.2][122.1]
merge[124][123]
cut[125][180,75]
color[125.2][200,210,219,255]
merge[125.3][125.0]
merge[125.2][125.1]
merge[127][126]
cut[128][174,83]
color[128.2][11,18,29,255]
merge[128.3][128.0]
merge[128.2][128.1]
merge[130][129]
cut[131][176,81]
color[131.2][63,73,95,255]
merge[131.3][131.0]
merge[131.2][131.1]
merge[133][132]
cut[134][182,75]
color[134.2][143,137,126,255]
merge[134.3][134.0]
merge[134.2][134.1]
merge[136][135]
cut[137][211,46]
color[137.2][195,163,134,255]
merge[137.3][137.2]
merge[137.0][137.1]
merge[139][138]
cut[140][177,81]
color[140.2][172,186,202,255]
merge[140.3][140.0]
merge[140.2][140.1]
merge[142][141]
cut[143][182,77]
color[143.2][236,248,252,255]
merge[143.3][143.0]
merge[143.2][143.1]
merge[145][144]
cut[146][183,77]
color[146.2][148,154,161,255]
merge[146.3][146.0]
merge[146.2][146.1]
merge[148][147]
cut[149][177,84]
color[149.2][84,95,116,255]
merge[149.3][149.0]
merge[149.2][149.1]
merge[151][150]
cut[152][183,78]
color[152.2][216,229,238,255]
merge[152.3][152.0]
merge[152.2][152.1]
merge[154][153]
cut[155][178,84]
color[155.2][200,207,215,255]
merge[155.3][155.0]
merge[155.2][155.1]
merge[157][156]
cut[158][181,81]
color[158.2][236,247,249,255]
merge[158.3][158.0]
merge[158.2][158.1]
merge[160][159]
cut[161][185,78]
color[161.2][152,147,140,255]
merge[161.3][161.0]
merge[161.2][161.1]
merge[163][162]
cut[164][X][263]
color[164.1][95,99,103,255]
merge[164.0][164.1]
cut[165][185,79]
color[165.2][190,202,216,255]
merge[165.3][165.0]
merge[165.2][165.1]
merge[167][166]
cut[168][261,3]
color[168.2][94,99,103,255]
merge[168.3][168.2]
merge[168.0][168.1]
merge[170][169]
cut[171][176,89]
color[171.2][8,16,30,255]
merge[171.3][171.0]
merge[171.2][171.1]
merge[173][172]
cut[174][178,87]
color[174.2][111,126,149,255]
merge[174.3][174.0]
merge[174.2][174.1]
merge[176][175]
cut[177][186,79]
color[177.2][143,142,142,255]
merge[177.3][177.0]
merge[177.2][177.1]
merge[179][178]
cut[180][179,87]
color[180.2][212,221,233,255]
merge[180.3][180.0]
merge[180.2][180.1]
merge[182][181]
cut[183][260,6]
color[183.2][97,105,107,255]
merge[183.3][183.2]
merge[183.0][183.1]
merge[185][184]
cut[186][178,89]
color[186.2][65,58,57,255]
merge[186.3][186.0]
merge[186.2][186.1]
merge[188][187]
cut[189][186,81]
color[189.2][234,244,247,255]
merge[189.3][189.0]
merge[189.2][189.1]
merge[191][190]
cut[192][179,89]
color[192.2][127,136,151,255]
merge[192.3][192.0]
merge[192.2][192.1]
merge[194][193]
cut[195][179,90]
color[195.2][68,64,63,255]
merge[195.3][195.0]
merge[195.2][195.1]
merge[197][196]
cut[198][180,89]
color[198.2][234,244,251,255]
merge[198.3][198.0]
merge[198.2][198.1]
merge[200][199]
cut[201][188,81]
color[201.2][140,137,133,255]
merge[201.3][201.0]
merge[201.2][201.1]
merge[203][202]
cut[204][180,91]
color[204.2][96,98,112,255]
merge[204.3][204.0]
merge[204.2][204.1]
merge[206][205]
cut[207][188,83]
color[207.2][199,207,218,255]
merge[207.3][207.0]
merge[207.2][207.1]
merge[209][208]
cut[210][181,91]
color[210.2][193,204,216,255]
merge[210.3][210.0]
merge[210.2][210.1]
merge[212][211]
cut[213][189,83]
color[213.2][145,143,142,255]
merge[213.3][213.0]
merge[213.2][213.1]
merge[215][214]
cut[216][180,93]
color[216.2][34,39,59,255]
merge[216.3][216.0]
merge[216.2][216.1]
merge[218][217]
cut[219][137,137]
color[219.2][84,81,86,255]
merge[219.3][219.0]
merge[219.2][219.1]
merge[221][220]
cut[222][138,136]
color[222.2][111,108,118,255]
merge[222.3][222.0]
merge[222.2][222.1]
merge[224][223]
cut[225][139,135]
color[225.2][90,91,103,255]
merge[225.3][225.0]
merge[225.2][225.1]
merge[227][226]
cut[228][140,134]
color[228.2][73,76,94,255]
merge[228.3][228.0]
merge[228.2][228.1]
merge[230][229]
cut[231][181,93]
color[231.2][113,126,147,255]
merge[231.3][231.0]
merge[231.2][231.1]
merge[233][232]
cut[234][189,85]
color[234.2][221,227,231,255]
merge[234.3][234.0]
merge[234.2][234.1]
merge[236][235]
cut[237][135,140]
color[237.2][79,77,82,255]
merge[237.1][237.0]
merge[237.2][237.3]
merge[239][238]
cut[240][136,139]
color[240.2][130,120,115,255]
merge[240.1][240.0]
merge[240.2][240.3]
merge[242][241]
cut[243][140,135]
color[243.2][131,135,154,255]
merge[243.3][243.0]
merge[243.2][243.1]
merge[245][244]
cut[246][142,133]
color[246.2][84,85,102,255]
merge[246.3][246.0]
merge[246.2][246.1]
merge[248][247]
cut[249][181,94]
color[249.2][31,41,59,255]
merge[249.3][249.0]
merge[249.2][249.1]
merge[251][250]
cut[252][182,93]
color[252.2][222,237,245,255]
merge[252.3][252.0]
merge[252.2][252.1]
merge[254][253]
cut[255][134,142]
color[255.2][89,88,93,255]
merge[255.1][255.0]
merge[255.2][255.3]
merge[257][256]
cut[258][137,139]
color[258.2][193,184,178,255]
merge[258.1][258.0]
merge[258.2][258.3]
merge[260][259]
cut[261][138,138]
color[261.2][202,190,183,255]
merge[261.3][261.0]
merge[261.2][261.1]
merge[263][262]
cut[264][139,137]
color[264.2][204,192,187,255]
merge[264.3][264.0]
merge[264.2][264.1]
merge[266][265]
cut[267][144,132]
color[267.2][77,78,93,255]
merge[267.3][267.0]
merge[267.2][267.1]
merge[269][268]
cut[270][182,94]
color[270.2][137,150,166,255]
merge[270.3][270.0]
merge[270.2][270.1]
merge[272][271]
cut[273][191,85]
color[273.2][150,146,136,255]
merge[273.3][273.0]
merge[273.2][273.1]
merge[275][274]
cut[276][135,142]
color[276.2][174,165,158,255]
merge[276.1][276.0]
merge[276.2][276.3]
merge[278][277]
cut[279][136,141]
color[279.2][212,197,187,255]
merge[279.1][279.0]
merge[279.2][279.3]
merge[281][280]
cut[282][142,135]
color[282.2][178,174,180,255]
merge[282.3][282.0]
merge[282.2][282.1]
merge[284][283]
cut[285][143,134]
color[285.2][167,169,181,255]
merge[285.3][285.0]
merge[285.2][285.1]
merge[287][286]
cut[288][144,133]
color[288.2][146,148,162,255]
merge[288.3][288.0]
merge[288.2][288.1]
merge[290][289]
cut[291][146,131]
color[291.2][87,88,104,255]
merge[291.3][291.0]
merge[291.2][291.1]
merge[293][292]
cut[294][182,95]
color[294.2][27,34,51,255]
merge[294.3][294.0]
merge[294.2][294.1]
merge[296][295]
cut[297][183,94]
color[297.2][226,237,245,255]
merge[297.3][297.0]
merge[297.2][297.1]
merge[299][298]
cut[300][133,145]
color[300.2][98,94,102,255]
merge[300.1][300.0]
merge[300.2][300.3]
merge[302][301]
cut[303][134,144]
color[303.2][171,162,155,255]
merge[303.1][303.0]
merge[303.2][303.3]
merge[305][304]
cut[306][148,130]
color[306.2][79,77,91,255]
merge[306.3][306.0]
merge[306.2][306.1]
merge[308][307]
cut[309][191,87]
color[309.2][232,241,246,255]
merge[309.3][309.0]
merge[309.2][309.1]
merge[311][310]
cut[312][146,133]
color[312.2][176,168,179,255]
merge[312.3][312.0]
merge[312.2][312.1]
merge[314][313]
cut[315][147,132]
color[315.2][162,156,169,255]
merge[315.3][315.0]
merge[315.2][315.1]
merge[317][316]
cut[318][183,96]
color[318.2][85,92,100,255]
merge[318.3][318.0]
merge[318.2][318.1]
merge[320][319]
cut[321][132,148]
color[321.2][103,99,101,255]
merge[321.1][321.0]
merge[321.2][321.3]
merge[323][322]
cut[324][133,147]
color[324.2][193,178,172,255]
merge[324.1][324.0]
merge[324.2][324.3]
merge[326][325]
cut[327][149,131]
color[327.2][146,141,152,255]
merge[327.3][327.0]
merge[327.2][327.1]
merge[329][328]
cut[330][151,129]
color[330.2][80,80,98,255]
merge[330.3][330.0]
merge[330.2][330.1]
merge[332][331]
cut[333][183,97]
color[333.2][30,32,39,255]
merge[333.3][333.0]
merge[333.2][333.1]
merge[335][334]
cut[336][184,96]
color[336.2][205,221,227,255]
merge[336.3][336.0]
merge[336.2][336.1]
merge[338][337]
cut[339][193,87]
color[339.2][155,156,156,255]
merge[339.3][339.0]
merge[339.2][339.1]
merge[341][340]
cut[342][136,145]
color[342.2][232,218,220,255]
merge[342.1][342.0]
merge[342.2][342.3]
merge[344][343]
cut[345][184,97]
color[345.2][108,112,114,255]
merge[345.3][345.0]
merge[345.2][345.1]
merge[347][346]
cut[348][193,88]
color[348.2][223,230,235,255]
merge[348.3][348.0]
merge[348.2][348.1]
merge[350][349]
cut[351][131,151]
color[351.2][80,79,89,255]
merge[351.1][351.0]
merge[351.2][351.3]
merge[353][352]
cut[354][132,150]
color[354.2][170,162,154,255]
merge[354.1][354.0]
merge[354.2][354.3]
merge[356][355]
cut[357][138,144]
color[357.2][232,215,214,255]
merge[357.1][357.0]
merge[357.2][357.3]
merge[359][358]
cut[360][151,131]
color[360.2][178,170,176,255]
merge[360.3][360.0]
merge[360.2][360.1]
merge[362][361]
cut[363][152,130]
color[363.2][145,142,154,255]
merge[363.3][363.0]
merge[363.2][363.1]
merge[365][364]
cut[366][154,128]
color[366.2][91,87,102,255]
merge[366.3][366.0]
merge[366.2][366.1]
merge[368][367]
cut[369][184,98]
color[369.2][47,47,51,255]
merge[369.3][369.0]
merge[369.2][369.1]
merge[371][370]
cut[372][185,97]
color[372.2][206,219,227,255]
merge[372.3][372.0]
merge[372.2][372.1]
merge[374][373]
cut[375][194,88]
color[375.2][168,171,173,255]
merge[375.3][375.0]
merge[375.2][375.1]
merge[377][376]
cut[378][185,98]
color[378.2][142,146,153,255]
merge[378.3][378.0]
merge[378.2][378.1]
merge[380][379]
cut[381][194,89]
color[381.2][236,242,246,255]
merge[381.3][381.0]
merge[381.2][381.1]
merge[383][382]
cut[384][144,140]
color[384.2][224,201,200,255]
merge[384.3][384.0]
merge[384.2][384.1]
merge[386][385]
cut[387][154,130]
color[387.2][152,151,159,255]
merge[387.3][387.0]
merge[387.2][387.1]
merge[389][388]
cut[390][157,127]
color[390.2][76,70,80,255]
merge[390.3][390.0]
merge[390.2][390.1]
merge[392][391]
cut[393][185,99]
color[393.2][45,46,52,255]
merge[393.3][393.0]
merge[393.2][393.1]
merge[395][394]
cut[396][186,98]
color[396.2][212,227,236,255]
merge[396.3][396.0]
merge[396.2][396.1]
merge[398][397]
cut[399][195,89]
color[399.2][176,182,192,255]
merge[399.3][399.0]
merge[399.2][399.1]
merge[401][400]
cut[402][130,155]
color[402.2][91,92,102,255]
merge[402.1][402.0]
merge[402.2][402.3]
merge[404][403]
cut[405][131,154]
color[405.2][172,162,163,255]
merge[405.1][405.0]
merge[405.2][405.3]
merge[407][406]
cut[408][134,151]
color[408.2][233,213,216,255]
merge[408.1][408.0]
merge[408.2][408.3]
merge[410][409]
cut[411][135,150]
color[411.2][237,219,223,255]
merge[411.1][411.0]
merge[411.2][411.3]
merge[413][412]
cut[414][186,99]
color[414.2][122,122,126,255]
merge[414.3][414.0]
merge[414.2][414.1]
merge[416][415]
cut[417][129,157]
color[417.2][71,81,97,255]
merge[417.1][417.0]
merge[417.2][417.3]
merge[419][418]
cut[420][157,129]
color[420.2][140,139,151,255]
merge[420.3][420.0]
merge[420.2][420.1]
merge[422][421]
cut[423][186,100]
color[423.2][53,47,44,255]
merge[423.3][423.0]
merge[423.2][423.1]
merge[425][424]
cut[426][187,99]
color[426.2][214,223,229,255]
merge[426.3][426.0]
merge[426.2][426.1]
merge[428][427]
cut[429][195,91]
color[429.2][237,247,249,255]
merge[429.3][429.0]
merge[429.2][429.1]
merge[431][430]
cut[432][130,157]
color[432.2][165,163,169,255]
merge[432.1][432.0]
merge[432.2][432.3]
merge[434][433]
cut[435][128,160]
color[435.2][91,95,112,255]
merge[435.1][435.0]
merge[435.2][435.3]
merge[437][436]
cut[438][129,159]
color[438.2][138,141,155,255]
merge[438.1][438.0]
merge[438.2][438.3]
merge[440][439]
cut[441][187,101]
color[441.2][93,99,110,255]
merge[441.3][441.0]
merge[441.2][441.1]
merge[443][442]
cut[444][197,91]
color[444.2][160,162,166,255]
merge[444.3][444.0]
merge[444.2][444.1]
merge[446][445]
cut[447][127,162]
color[447.2][76,78,89,255]
merge[447.1][447.0]
merge[447.2][447.3]
merge[449][448]
cut[450][187,102]
color[450.2][42,41,45,255]
merge[450.3][450.0]
merge[450.2][450.1]
merge[452][451]
cut[453][188,101]
color[453.2][188,198,207,255]
merge[453.3][453.0]
merge[453.2][453.1]
merge[455][454]
cut[456][197,92]
color[456.2][222,227,231,255]
merge[456.3][456.0]
merge[456.2][456.1]
merge[458][457]
cut[459][259,30]
color[459.2][52,64,79,255]
merge[459.3][459.2]
merge[459.0][459.1]
merge[461][460]
cut[462][128,162]
color[462.2][159,158,167,255]
merge[462.1][462.0]
merge[462.2][462.3]
merge[464][463]
cut[465][131,159]
color[465.2][212,193,200,255]
merge[465.1][465.0]
merge[465.2][465.3]
merge[467][466]
cut[468][188,102]
color[468.2][132,135,143,255]
merge[468.3][468.0]
merge[468.2][468.1]
merge[470][469]
cut[471][198,92]
color[471.2][166,168,170,255]
merge[471.3][471.0]
merge[471.2][471.1]
merge[473][472]
cut[474][253,37]
color[474.2][64,71,79,255]
merge[474.3][474.2]
merge[474.0][474.1]
merge[476][475]
cut[477][126,165]
color[477.2][87,90,102,255]
merge[477.1][477.0]
merge[477.2][477.3]
merge[479][478]
cut[480][127,164]
color[480.2][142,144,158,255]
merge[480.1][480.0]
merge[480.2][480.3]
merge[482][481]
cut[483][188,103]
color[483.2][72,72,73,255]
merge[483.3][483.0]
merge[483.2][483.1]
merge[485][484]
cut[486][189,102]
color[486.2][242,252,250,255]
merge[486.3][486.0]
merge[486.2][486.1]
merge[488][487]
cut[489][198,93]
color[489.2][220,228,232,255]
merge[489.3][489.0]
merge[489.2][489.1]
merge[491][490]
cut[492][231,60]
color[492.2][102,109,110,255]
merge[492.3][492.2]
merge[492.0][492.1]
merge[494][493]
cut[495][125,167]
color[495.2][101,100,112,255]
merge[495.1][495.0]
merge[495.2][495.3]
merge[497][496]
cut[498][136,156]
color[498.2][193,145,166,255]
merge[498.1][498.0]
merge[498.2][498.3]
merge[500][499]
cut[501][137,155]
color[501.2][190,150,167,255]
merge[501.1][501.0]
merge[501.2][501.3]
merge[503][502]
cut[504][189,103]
color[504.2][176,178,177,255]
merge[504.3][504.0]
merge[504.2][504.1]
merge[506][505]
cut[507][199,93]
color[507.2][163,165,164,255]
merge[507.3][507.0]
merge[507.2][507.1]
merge[509][508]
cut[510][257,35]
color[510.2][63,74,85,255]
merge[510.3][510.2]
merge[510.0][510.1]
merge[512][511]
cut[513][140,153]
color[513.2][175,146,164,255]
merge[513.1][513.0]
merge[513.2][513.3]
merge[515][514]
cut[516][189,104]
color[516.2][90,86,80,255]
merge[516.3][516.0]
merge[516.2][516.1]
merge[518][517]
cut[519][190,103]
color[519.2][234,237,237,255]
merge[519.3][519.0]
merge[519.2][519.1]
merge[521][520]
cut[522][247,46]
color[522.2][97,101,99,255]
merge[522.3][522.2]
merge[522.0][522.1]
merge[524][523]
cut[525][124,170]
color[525.2][89,89,98,255]
merge[525.1][525.0]
merge[525.2][525.3]
merge[527][526]
cut[528][126,168]
color[528.2][180,174,183,255]
merge[528.1][528.0]
merge[528.2][528.3]
merge[530][529]
cut[531][127,167]
color[531.2][201,187,190,255]
merge[531.1][531.0]
merge[531.2][531.3]
merge[533][532]
cut[534][130,164]
color[534.2][216,198,203,255]
merge[534.1][534.0]
merge[534.2][534.3]
merge[536][535]
cut[537][142,152]
color[537.2][167,147,163,255]
merge[537.1][537.0]
merge[537.2][537.3]
merge[539][538]
cut[540][143,151]
color[540.2][173,158,174,255]
merge[540.1][540.0]
merge[540.2][540.3]
merge[542][541]
cut[543][199,95]
color[543.2][236,245,248,255]
merge[543.3][543.0]
merge[543.2][543.1]
merge[545][544]
cut[546][123,172]
color[546.2][80,83,93,255]
merge[546.1][546.0]
merge[546.2][546.3]
merge[548][547]
cut[549][125,170]
color[549.2][182,173,177,255]
merge[549.1][549.0]
merge[549.2][549.3]
merge[551][550]
cut[552][129,166]
color[552.2][215,200,208,255]
merge[552.1][552.0]
merge[552.2][552.3]
merge[554][553]
cut[555][190,105]
color[555.2][115,105,90,255]
merge[555.3][555.0]
merge[555.2][555.1]
merge[557][556]
cut[558][124,172]
color[558.2][155,153,160,255]
merge[558.1][558.0]
merge[558.2][558.3]
merge[560][559]
cut[561][191,105]
color[561.2][228,230,222,255]
merge[561.3][561.0]
merge[561.2][561.1]
merge[563][562]
cut[564][201,95]
color[564.2][179,183,189,255]
merge[564.3][564.2]
merge[564.0][564.1]
merge[566][565]
cut[567][251,45]
color[567.2][67,68,67,255]
merge[567.3][567.2]
merge[567.0][567.1]
merge[569][568]
cut[570][122,175]
color[570.2][85,84,85,255]
merge[570.1][570.0]
merge[570.2][570.3]
merge[572][571]
cut[573][189,108]
color[573.2][11,18,29,255]
merge[573.3][573.0]
merge[573.2][573.1]
merge[575][574]
cut[576][190,107]
color[576.2][36,42,55,255]
merge[576.3][576.0]
merge[576.2][576.1]
merge[578][577]
cut[579][191,106]
color[579.2][106,107,106,255]
merge[579.3][579.0]
merge[579.2][579.1]
merge[581][580]
cut[582][201,96]
color[582.2][234,245,249,255]
merge[582.3][582.2]
merge[582.0][582.1]
merge[584][583]
cut[585][123,175]
color[585.2][165,160,165,255]
merge[585.1][585.0]
merge[585.2][585.3]
merge[587][586]
cut[588][148,150]
color[588.2][163,146,161,255]
merge[588.1][588.0]
merge[588.2][588.3]
merge[590][589]
cut[591][191,107]
color[591.2][41,42,50,255]
merge[591.3][591.0]
merge[591.2][591.1]
merge[593][592]
cut[594][192,106]
color[594.2][224,225,220,255]
merge[594.3][594.0]
merge[594.2][594.1]
merge[596][595]
cut[597][245,53]
color[597.2][107,114,113,255]
merge[597.3][597.2]
merge[597.0][597.1]
merge[599][598]
cut[600][246,52]
color[600.2][105,109,112,255]
merge[600.3][600.2]
merge[600.0][600.1]
merge[602][601]
cut[603][121,178]
color[603.2][83,83,86,255]
merge[603.1][603.0]
merge[603.2][603.3]
merge[605][604]
cut[606][122,177]
color[606.2][142,140,149,255]
merge[606.1][606.0]
merge[606.2][606.3]
merge[608][607]
cut[609][133,166]
color[609.2][195,125,139,255]
merge[609.1][609.0]
merge[609.2][609.3]
merge[611][610]
cut[612][134,165]
color[612.2][185,102,119,255]
merge[612.1][612.0]
merge[612.2][612.3]
merge[614][613]
cut[615][135,164]
color[615.2][185,124,143,255]
merge[615.1][615.0]
merge[615.2][615.3]
merge[617][616]
cut[618][192,107]
color[618.2][110,107,105,255]
merge[618.3][618.0]
merge[618.2][618.1]
merge[620][619]
cut[621][151,149]
color[621.2][145,130,144,255]
merge[621.3][621.0]
merge[621.2][621.1]
merge[623][622]
cut[624][153,147]
color[624.2][149,141,155,255]
merge[624.3][624.0]
merge[624.2][624.1]
merge[626][625]
cut[627][192,108]
color[627.2][42,40,48,255]
merge[627.3][627.0]
merge[627.2][627.1]
merge[629][628]
cut[630][193,107]
color[630.2][220,229,229,255]
merge[630.3][630.0]
merge[630.2][630.1]
merge[632][631]
cut[633][204,96]
color[633.2][152,152,151,255]
merge[633.3][633.2]
merge[633.0][633.1]
merge[635][634]
cut[636][244,56]
color[636.2][96,105,107,255]
merge[636.3][636.2]
merge[636.0][636.1]
merge[638][637]
cut[639][120,181]
color[639.2][83,79,81,255]
merge[639.1][639.0]
merge[639.2][639.3]
merge[641][640]
cut[642][130,171]
color[642.2][168,130,146,255]
merge[642.1][642.0]
merge[642.2][642.3]
merge[644][643]
cut[645][193,108]
color[645.2][119,125,133,255]
merge[645.3][645.0]
merge[645.2][645.1]
merge[647][646]
cut[648][204,97]
color[648.2][224,234,239,255]
merge[648.3][648.2]
merge[648.0][648.1]
merge[650][649]
cut[651][242,59]
color[651.2][107,114,112,255]
merge[651.3][651.2]
merge[651.0][651.1]
merge[653][652]
cut[654][121,181]
color[654.2][159,151,157,255]
merge[654.1][654.0]
merge[654.2][654.3]
merge[656][655]
cut[657][124,178]
color[657.2][218,197,199,255]
merge[657.1][657.0]
merge[657.2][657.3]
merge[659][658]
cut[660][125,177]
color[660.2][236,208,210,255]
merge[660.1][660.0]
merge[660.2][660.3]
merge[662][661]
cut[663][193,109]
color[663.2][49,43,42,255]
merge[663.3][663.0]
merge[663.2][663.1]
merge[665][664]
cut[666][194,108]
color[666.2][226,236,242,255]
merge[666.3][666.0]
merge[666.2][666.1]
merge[668][667]
cut[669][123,180]
color[669.2][212,195,201,255]
merge[669.1][669.0]
merge[669.2][669.3]
merge[671][670]
cut[672][174,129]
color[672.2][87,77,84,255]
merge[672.3][672.0]
merge[672.2][672.1]
merge[674][673]
cut[675][194,109]
color[675.2][126,135,149,255]
merge[675.3][675.0]
merge[675.2][675.1]
merge[677][676]
cut[678][206,97]
color[678.2][158,157,155,255]
merge[678.3][678.2]
merge[678.0][678.1]
merge[680][679]
cut[681][119,185]
color[681.2][81,79,87,255]
merge[681.1][681.0]
merge[681.2][681.3]
merge[683][682]
cut[684][120,184]
color[684.2][141,140,150,255]
merge[684.1][684.0]
merge[684.2][684.3]
merge[686][685]
cut[687][195,109]
color[687.2][206,216,224,255]
merge[687.3][687.0]
merge[687.2][687.1]
merge[689][688]
cut[690][206,98]
color[690.2][210,217,224,255]
merge[690.3][690.2]
merge[690.0][690.1]
merge[692][691]
cut[693][138,167]
color[693.2][128,66,78,255]
merge[693.1][693.0]
merge[693.2][693.3]
merge[695][694]
cut[696][139,166]
color[696.2][113,65,82,255]
merge[696.1][696.0]
merge[696.2][696.3]
merge[698][697]
cut[699][193,112]
color[699.2][105,104,116,255]
merge[699.3][699.0]
merge[699.2][699.1]
merge[701][700]
cut[702][195,110]
color[702.2][127,133,150,255]
merge[702.3][702.0]
merge[702.2][702.1]
merge[704][703]
cut[705][141,165]
color[705.2][106,63,84,255]
merge[705.1][705.0]
merge[705.2][705.3]
merge[707][706]
cut[708][143,163]
color[708.2][178,89,98,255]
merge[708.1][708.0]
merge[708.2][708.3]
merge[710][709]
cut[711][179,127]
color[711.2][12,14,20,255]
merge[711.3][711.0]
merge[711.2][711.1]
merge[713][712]
cut[714][196,110]
color[714.2][198,207,213,255]
merge[714.3][714.0]
merge[714.2][714.1]
merge[716][715]
cut[717][208,98]
color[717.2][149,147,139,255]
merge[717.3][717.2]
merge[717.0][717.1]
merge[719][718]
cut[720][122,185]
color[720.2][221,195,200,255]
merge[720.1][720.0]
merge[720.2][720.3]
merge[722][721]
cut[723][123,184]
color[723.2][230,201,207,255]
merge[723.1][723.0]
merge[723.2][723.3]
merge[725][724]
cut[726][192,115]
color[726.2][114,116,128,255]
merge[726.3][726.0]
merge[726.2][726.1]
merge[728][727]
cut[729][119,189]
color[729.2][145,142,147,255]
merge[729.1][729.0]
merge[729.2][729.3]
merge[731][730]
cut[732][189,119]
color[732.2][72,78,96,255]
merge[732.3][732.0]
merge[732.2][732.1]
merge[734][733]
cut[735][190,118]
color[735.2][104,107,121,255]
merge[735.3][735.0]
merge[735.2][735.1]
merge[737][736]
cut[738][191,117]
color[738.2][131,129,138,255]
merge[738.3][738.0]
merge[738.2][738.1]
merge[740][739]
cut[741][208,100]
color[741.2][234,243,245,255]
merge[741.3][741.2]
merge[741.0][741.1]
merge[743][742]
cut[744][118,191]
color[744.2][90,92,98,255]
merge[744.1][744.0]
merge[744.2][744.3]
merge[746][745]
cut[747][120,189]
color[747.2][212,196,198,255]
merge[747.1][747.0]
merge[747.2][747.3]
merge[749][748]
cut[750][121,188]
color[750.2][219,196,202,255]
merge[750.1][750.0]
merge[750.2][750.3]
merge[752][751]
cut[753][142,167]
color[753.2][175,128,137,255]
merge[753.1][753.0]
merge[753.2][753.3]
merge[755][754]
cut[756][147,162]
color[756.2][170,90,100,255]
merge[756.1][756.0]
merge[756.2][756.3]
merge[758][757]
cut[759][179,130]
color[759.2][84,77,87,255]
merge[759.3][759.0]
merge[759.2][759.1]
merge[761][760]
cut[762][119,191]
color[762.2][167,163,169,255]
merge[762.1][762.0]
merge[762.2][762.3]
merge[764][763]
cut[765][210,100]
color[765.2][177,181,181,255]
merge[765.3][765.2]
merge[765.0][765.1]
merge[767][766]
cut[768][189,122]
color[768.2][146,147,157,255]
merge[768.3][768.0]
merge[768.2][768.1]
merge[770][769]
cut[771][196,115]
color[771.2][185,182,186,255]
merge[771.3][771.0]
merge[771.2][771.1]
merge[773][772]
cut[774][138,174]
color[774.2][173,140,146,255]
merge[774.1][774.0]
merge[774.2][774.3]
merge[776][775]
cut[777][185,127]
color[777.2][76,69,80,255]
merge[777.3][777.0]
merge[777.2][777.1]
merge[779][778]
cut[780][187,125]
color[780.2][124,121,131,255]
merge[780.3][780.0]
merge[780.2][780.1]
merge[782][781]
cut[783][188,124]
color[783.2][141,142,153,255]
merge[783.3][783.0]
merge[783.2][783.1]
merge[785][784]
cut[786][210,102]
color[786.2][236,246,247,255]
merge[786.3][786.2]
merge[786.0][786.1]
merge[788][787]
cut[789][118,195]
color[789.2][151,152,159,255]
merge[789.1][789.0]
merge[789.2][789.3]
merge[791][790]
cut[792][147,166]
color[792.2][209,180,170,255]
merge[792.1][792.0]
merge[792.2][792.3]
merge[794][793]
cut[795][148,165]
color[795.2][188,165,165,255]
merge[795.1][795.0]
merge[795.2][795.3]
merge[797][796]
cut[798][184,129]
color[798.2][83,72,80,255]
merge[798.3][798.0]
merge[798.2][798.1]
merge[800][799]
cut[801][117,197]
color[801.2][84,85,87,255]
merge[801.1][801.0]
merge[801.2][801.3]
merge[803][802]
cut[804][195,119]
color[804.2][197,190,187,255]
merge[804.3][804.0]
merge[804.2][804.1]
merge[806][805]
cut[807][118,197]
color[807.2][174,167,171,255]
merge[807.1][807.0]
merge[807.2][807.3]
merge[809][808]
cut[810][120,195]
color[810.2][230,201,201,255]
merge[810.1][810.0]
merge[810.2][810.3]
merge[812][811]
cut[813][138,177]
color[813.2][230,200,205,255]
merge[813.1][813.0]
merge[813.2][813.3]
merge[815][814]
cut[816][147,168]
color[816.2][142,85,99,255]
merge[816.1][816.0]
merge[816.2][816.3]
merge[818][817]
cut[819][149,167]
color[819.2][143,92,105,255]
merge[819.1][819.0]
merge[819.2][819.3]
merge[821][820]
cut[822][174,142]
color[822.2][143,139,147,255]
merge[822.3][822.0]
merge[822.2][822.1]
merge[824][823]
cut[825][187,129]
color[825.2][136,129,143,255]
merge[825.3][825.0]
merge[825.2][825.1]
merge[827][826]
cut[828][117,200]
color[828.2][150,151,154,255]
merge[828.1][828.0]
merge[828.2][828.3]
merge[830][829]
cut[831][126,191]
color[831.2][238,215,226,255]
merge[831.1][831.0]
merge[831.2][831.3]
merge[833][832]
cut[834][151,166]
color[834.2][132,88,107,255]
merge[834.1][834.0]
merge[834.2][834.3]
merge[836][835]
cut[837][152,165]
color[837.2][124,98,119,255]
merge[837.1][837.0]
merge[837.2][837.3]
merge[839][838]
cut[840][215,102]
color[840.2][176,169,156,255]
merge[840.3][840.2]
merge[840.0][840.1]
merge[842][841]
cut[843][258,59]
color[843.2][39,50,61,255]
merge[843.3][843.2]
merge[843.0][843.1]
merge[845][844]
cut[846][116,202]
color[846.2][84,89,101,255]
merge[846.1][846.0]
merge[846.2][846.3]
merge[848][847]
cut[849][253,65]
color[849.2][35,51,67,255]
merge[849.3][849.2]
merge[849.0][849.1]
merge[851][850]
cut[852][117,202]
color[852.2][177,173,172,255]
merge[852.1][852.0]
merge[852.2][852.3]
merge[854][853]
cut[855][119,200]
color[855.2][230,201,203,255]
merge[855.1][855.0]
merge[855.2][855.3]
merge[857][856]
cut[858][142,177]
color[858.2][165,144,151,255]
merge[858.1][858.0]
merge[858.2][858.3]
merge[860][859]
cut[861][215,104]
color[861.2][235,242,236,255]
merge[861.3][861.2]
merge[861.0][861.1]
merge[863][862]
cut[864][257,62]
color[864.2][38,56,67,255]
merge[864.3][864.2]
merge[864.0][864.1]
merge[866][865]
cut[867][264,55]
color[867.2][30,44,58,255]
merge[867.3][867.2]
merge[867.0][867.1]
merge[869][868]
cut[870][265,54]
color[870.2][36,52,64,255]
merge[870.3][870.2]
merge[870.0][870.1]
merge[872][871]
cut[873][266,53]
color[873.2][36,52,64,255]
merge[873.3][873.2]
merge[873.0][873.1]
merge[875][874]
cut[876][179,141]
color[876.2][147,140,144,255]
merge[876.3][876.0]
merge[876.2][876.1]
merge[878][877]
cut[879][206,116]
color[879.2][235,244,248,255]
merge[879.3][879.2]
merge[879.0][879.1]
merge[881][880]
cut[882][115,208]
color[882.2][76,78,84,255]
merge[882.1][882.0]
merge[882.2][882.3]
merge[884][883]
cut[885][116,207]
color[885.2][165,164,168,255]
merge[885.1][885.0]
merge[885.2][885.3]
merge[887][886]
cut[888][195,128]
color[888.2][132,122,123,255]
merge[888.3][888.0]
merge[888.2][888.1]
merge[890][889]
cut[891][196,127]
color[891.2][136,128,125,255]
merge[891.3][891.0]
merge[891.2][891.1]
merge[893][892]
cut[894][219,104]
color[894.2][172,160,150,255]
merge[894.3][894.2]
merge[894.0][894.1]
merge[896][895]
cut[897][131,193]
color[897.2][180,154,153,255]
merge[897.1][897.0]
merge[897.2][897.3]
merge[899][898]
cut[900][132,192]
color[900.2][185,155,154,255]
merge[900.1][900.0]
merge[900.2][900.3]
merge[902][901]
cut[903][134,191]
color[903.2][158,134,142,255]
merge[903.1][903.0]
merge[903.2][903.3]
merge[905][904]
cut[906][186,139]
color[906.2][139,133,138,255]
merge[906.3][906.0]
merge[906.2][906.1]
merge[908][907]
cut[909][199,126]
color[909.2][140,128,124,255]
merge[909.3][909.0]
merge[909.2][909.1]
merge[911][910]
cut[912][200,125]
color[912.2][135,126,125,255]
merge[912.3][912.2]
merge[912.0][912.1]
merge[914][913]
cut[915][206,119]
color[915.2][170,158,158,255]
merge[915.3][915.2]
merge[915.0][915.1]
merge[917][916]
cut[918][219,106]
color[918.2][231,236,236,255]
merge[918.3][918.2]
merge[918.0][918.1]
merge[920][919]
cut[921][136,190]
color[921.2][123,109,121,255]
merge[921.1][921.0]
merge[921.2][921.3]
merge[923][922]
cut[924][137,189]
color[924.2][131,127,143,255]
merge[924.1][924.0]
merge[924.2][924.3]
merge[926][925]
cut[927][138,188]
color[927.2][136,129,144,255]
merge[927.1][927.0]
merge[927.2][927.3]
merge[929][928]
cut[930][140,186]
color[930.2][157,143,153,255]
merge[930.1][930.0]
merge[930.2][930.3]
merge[932][931]
cut[933][141,185]
color[933.2][154,135,142,255]
merge[933.1][933.0]
merge[933.2][933.3]
merge[935][934]
cut[936][203,123]
color[936.2][141,130,129,255]
merge[936.3][936.2]
merge[936.0][936.1]
merge[938][937]
cut[939][205,122]
color[939.2][140,127,121,255]
merge[939.3][939.2]
merge[939.0][939.1]
merge[941][940]
cut[942][138,190]
color[942.2][87,70,78,255]
merge[942.1][942.0]
merge[942.2][942.3]
merge[944][943]
cut[945][139,189]
color[945.2][78,64,78,255]
merge[945.1][945.0]
merge[945.2][945.3]
merge[947][946]
cut[948][140,188]
color[948.2][85,78,96,255]
merge[948.1][948.0]
merge[948.2][948.3]
merge[950][949]
cut[951][209,119]
color[951.2][227,235,241,255]
merge[951.3][951.2]
merge[951.0][951.1]
merge[953][952]
cut[954][222,106]
color[954.2][170,167,161,255]
merge[954.3][954.2]
merge[954.0][954.1]
merge[956][955]
cut[957][209,121]
color[957.2][142,126,124,255]
merge[957.3][957.2]
merge[957.0][957.1]
merge[959][958]
cut[960][222,108]
color[960.2][230,240,240,255]
merge[960.3][960.2]
merge[960.0][960.1]
merge[962][961]
cut[963][115,216]
color[963.2][138,136,141,255]
merge[963.1][963.0]
merge[963.2][963.3]
merge[965][964]
cut[966][121,210]
color[966.2][239,206,222,255]
merge[966.1][966.0]
merge[966.2][966.3]
merge[968][967]
cut[969][145,186]
color[969.2][84,77,90,255]
merge[969.1][969.0]
merge[969.2][969.3]
merge[971][970]
cut[972][307,24]
color[972.2][30,42,55,255]
merge[972.3][972.2]
merge[972.0][972.1]
merge[974][973]
cut[975][116,216]
color[975.2][205,192,191,255]
merge[975.1][975.0]
merge[975.2][975.3]
merge[977][976]
cut[978][237,95]
color[978.2][123,127,122,255]
merge[978.3][978.2]
merge[978.0][978.1]
merge[980][979]
cut[981][126,207]
color[981.2][239,207,220,255]
merge[981.1][981.0]
merge[981.2][981.3]
merge[983][982]
cut[984][212,121]
color[984.2][212,222,229,255]
merge[984.3][984.2]
merge[984.0][984.1]
merge[986][985]
cut[987][225,108]
color[987.2][149,151,153,255]
merge[987.3][987.2]
merge[987.0][987.1]
merge[989][988]
cut[990][281,52]
color[990.2][28,46,62,255]
merge[990.3][990.2]
merge[990.0][990.1]
merge[992][991]
cut[993][212,122]
color[993.2][135,134,144,255]
merge[993.3][993.2]
merge[993.0][993.1]
merge[995][994]
cut[996][225,109]
color[996.2][220,229,232,255]
merge[996.3][996.2]
merge[996.0][996.1]
merge[998][997]
cut[999][241,93]
color[999.2][92,105,115,255]
merge[999.3][999.2]
merge[999.0][999.1]
merge[1001][1000]
cut[1002][214,122]
color[1002.2][203,212,222,255]
merge[1002.3][1002.2]
merge[1002.0][1002.1]
merge[1004][1003]
cut[1005][214,123]
color[1005.2][132,129,139,255]
merge[1005.3][1005.2]
merge[1005.0][1005.1]
merge[1007][1006]
cut[1008][228,109]
color[1008.2][157,163,166,255]
merge[1008.3][1008.2]
merge[1008.0][1008.1]
merge[1010][1009]
cut[1011][331,6]
color[1011.2][33,44,60,255]
merge[1011.3][1011.2]
merge[1011.0][1011.1]
merge[1013][1012]
cut[1014][333,4]
color[1014.2][25,39,57,255]
merge[1014.3][1014.2]
merge[1014.0][1014.1]
merge[1016][1015]
cut[1017][336,1]
color[1017.2][18,30,53,255]
merge[1017.3][1017.2]
merge[1017.0][1017.1]
merge[1019][1018]
cut[1020][X][337]
color[1020.1][22,34,54,255]
merge[1020.0][1020.1]
cut[1021][138,200]
color[1021.2][148,133,136,255]
merge[1021.1][1021.0]
merge[1021.2][1021.3]
merge[1023][1022]
cut[1024][139,199]
color[1024.2][144,126,125,255]
merge[1024.1][1024.0]
merge[1024.2][1024.3]
merge[1026][1025]
cut[1027][328,10]
color[1027.2][27,43,63,255]
merge[1027.3][1027.2]
merge[1027.0][1027.1]
merge[1029][1028]
cut[1030][335,3]
color[1030.2][17,32,54,255]
merge[1030.3][1030.2]
merge[1030.0][1030.1]
merge[1032][1031]
cut[1033][216,123]
color[1033.2][216,224,225,255]
merge[1033.3][1033.2]
merge[1033.0][1033.1]
merge[1035][1034]
cut[1036][228,111]
color[1036.2][230,239,238,255]
merge[1036.3][1036.2]
merge[1036.0][1036.1]
merge[1038][1037]
cut[1039][318,21]
color[1039.2][26,42,62,255]
merge[1039.3][1039.2]
merge[1039.0][1039.1]
merge[1041][1040]
cut[1042][319,20]
color[1042.2][28,44,63,255]
merge[1042.3][1042.2]
merge[1042.0][1042.1]
merge[1044][1043]
cut[1045][320,19]
color[1045.2][25,42,62,255]
merge[1045.3][1045.2]
merge[1045.0][1045.1]
merge[1047][1046]
cut[1048][216,124]
color[1048.2][150,149,153,255]
merge[1048.3][1048.2]
merge[1048.0][1048.1]
merge[1050][1049]
cut[1051][322,18]
color[1051.2][29,39,62,255]
merge[1051.3][1051.2]
merge[1051.0][1051.1]
merge[1053][1052]
cut[1054][323,17]
color[1054.2][21,36,62,255]
merge[1054.3][1054.2]
merge[1054.0][1054.1]
merge[1056][1055]
cut[1057][324,16]
color[1057.2][18,38,68,255]
merge[1057.3][1057.2]
merge[1057.0][1057.1]
merge[1059][1058]
cut[1060][115,226]
color[1060.2][74,77,91,255]
merge[1060.1][1060.0]
merge[1060.2][1060.3]
merge[1062][1061]
cut[1063][136,205]
color[1063.2][187,168,177,255]
merge[1063.1][1063.0]
merge[1063.2][1063.3]
merge[1065][1064]
cut[1066][326,15]
color[1066.2][20,41,69,255]
merge[1066.3][1066.2]
merge[1066.0][1066.1]
merge[1068][1067]
cut[1069][116,226]
color[1069.2][175,171,175,255]
merge[1069.1][1069.0]
merge[1069.2][1069.3]
merge[1071][1070]
cut[1072][166,176]
color[1072.2][184,169,170,255]
merge[1072.1][1072.0]
merge[1072.2][1072.3]
merge[1074][1073]
cut[1075][167,175]
color[1075.2][182,165,168,255]
merge[1075.1][1075.0]
merge[1075.2][1075.3]
merge[1077][1076]
cut[1078][170,172]
color[1078.2][185,170,171,255]
merge[1078.1][1078.0]
merge[1078.2][1078.3]
merge[1080][1079]
cut[1081][171,171]
color[1081.2][182,167,168,255]
merge[1081.3][1081.0]
merge[1081.2][1081.1]
merge[1083][1082]
cut[1084][218,124]
color[1084.2][212,223,230,255]
merge[1084.3][1084.2]
merge[1084.0][1084.1]
merge[1086][1085]
cut[1087][231,111]
color[1087.2][157,162,166,255]
merge[1087.3][1087.2]
merge[1087.0][1087.1]
merge[1089][1088]
cut[1090][173,170]
color[1090.2][181,168,169,255]
merge[1090.3][1090.0]
merge[1090.2][1090.1]
merge[1092][1091]
cut[1093][218,125]
color[1093.2][122,122,129,255]
merge[1093.3][1093.2]
merge[1093.0][1093.1]
merge[1095][1094]
cut[1096][231,113]
color[1096.2][232,243,244,255]
merge[1096.3][1096.2]
merge[1096.0][1096.1]
merge[1098][1097]
cut[1099][220,125]
color[1099.2][211,226,235,255]
merge[1099.3][1099.2]
merge[1099.0][1099.1]
merge[1101][1100]
cut[1102][326,19]
color[1102.2][74,108,146,255]
merge[1102.3][1102.2]
merge[1102.0][1102.1]
merge[1104][1103]
cut[1105][327,18]
color[1105.2][79,110,150,255]
merge[1105.3][1105.2]
merge[1105.0][1105.1]
merge[1107][1106]
cut[1108][328,17]
color[1108.2][67,102,141,255]
merge[1108.3][1108.2]
merge[1108.0][1108.1]
merge[1110][1109]
cut[1111][220,126]
color[1111.2][124,125,133,255]
merge[1111.3][1111.2]
merge[1111.0][1111.1]
merge[1113][1112]
cut[1114][233,113]
color[1114.2][142,144,160,255]
merge[1114.3][1114.2]
merge[1114.0][1114.1]
merge[1116][1115]
cut[1117][118,229]
color[1117.2][241,221,233,255]
merge[1117.1][1117.0]
merge[1117.2][1117.3]
merge[1119][1118]
cut[1120][233,114]
color[1120.2][222,227,227,255]
merge[1120.3][1120.2]
merge[1120.0][1120.1]
merge[1122][1121]
cut[1123][325,22]
color[1123.2][70,96,131,255]
merge[1123.3][1123.2]
merge[1123.0][1123.1]
merge[1125][1124]
cut[1126][116,232]
color[1126.2][94,97,114,255]
merge[1126.1][1126.0]
merge[1126.2][1126.3]
merge[1128][1127]
cut[1129][162,186]
color[1129.2][149,140,148,255]
merge[1129.1][1129.0]
merge[1129.2][1129.3]
merge[1131][1130]
cut[1132][117,232]
color[1132.2][196,181,180,255]
merge[1132.1][1132.0]
merge[1132.2][1132.3]
merge[1134][1133]
cut[1135][122,227]
color[1135.2][243,221,233,255]
merge[1135.1][1135.0]
merge[1135.2][1135.3]
merge[1137][1136]
cut[1138][223,126]
color[1138.2][202,212,221,255]
merge[1138.3][1138.2]
merge[1138.0][1138.1]
merge[1140][1139]
cut[1141][235,114]
color[1141.2][138,141,144,255]
merge[1141.3][1141.2]
merge[1141.0][1141.1]
merge[1143][1142]
cut[1144][240,109]
color[1144.2][88,101,116,255]
merge[1144.3][1144.2]
merge[1144.0][1144.1]
merge[1146][1145]
cut[1147][223,127]
color[1147.2][144,144,150,255]
merge[1147.3][1147.2]
merge[1147.0][1147.1]
merge[1149][1148]
cut[1150][235,115]
color[1150.2][211,221,229,255]
merge[1150.3][1150.2]
merge[1150.0][1150.1]
merge[1152][1151]
cut[1153][146,206]
color[1153.2][128,112,117,255]
merge[1153.1][1153.0]
merge[1153.2][1153.3]
merge[1155][1154]
cut[1156][147,205]
color[1156.2][128,114,116,255]
merge[1156.1][1156.0]
merge[1156.2][1156.3]
merge[1158][1157]
cut[1159][237,115]
color[1159.2][148,152,160,255]
merge[1159.3][1159.2]
merge[1159.0][1159.1]
merge[1161][1160]
cut[1162][116,237]
color[1162.2][32,37,50,255]
merge[1162.1][1162.0]
merge[1162.2][1162.3]
merge[1164][1163]
cut[1165][117,236]
color[1165.2][113,113,122,255]
merge[1165.1][1165.0]
merge[1165.2][1165.3]
merge[1167][1166]
cut[1168][226,127]
color[1168.2][199,209,217,255]
merge[1168.3][1168.2]
merge[1168.0][1168.1]
merge[1170][1169]
cut[1171][237,116]
color[1171.2][222,233,242,255]
merge[1171.3][1171.2]
merge[1171.0][1171.1]
merge[1173][1172]
cut[1174][328,25]
color[1174.2][112,161,198,255]
merge[1174.3][1174.2]
merge[1174.0][1174.1]
merge[1176][1175]
cut[1177][118,236]
color[1177.2][213,197,200,255]
merge[1177.1][1177.0]
merge[1177.2][1177.3]
merge[1179][1178]
cut[1180][226,128]
color[1180.2][124,121,127,255]
merge[1180.3][1180.2]
merge[1180.0][1180.1]
merge[1182][1181]
cut[1183][117,239]
color[1183.2][44,48,57,255]
merge[1183.1][1183.0]
merge[1183.2][1183.3]
merge[1185][1184]
cut[1186][122,234]
color[1186.2][181,167,169,255]
merge[1186.1][1186.0]
merge[1186.2][1186.3]
merge[1188][1187]
cut[1189][123,233]
color[1189.2][185,167,168,255]
merge[1189.1][1189.0]
merge[1189.2][1189.3]
merge[1191][1190]
cut[1192][118,239]
color[1192.2][112,108,124,255]
merge[1192.1][1192.0]
merge[1192.2][1192.3]
merge[1194][1193]
cut[1195][241,116]
color[1195.2][163,167,178,255]
merge[1195.3][1195.2]
merge[1195.0][1195.1]
merge[1197][1196]
cut[1198][230,128]
color[1198.2][175,184,194,255]
merge[1198.3][1198.2]
merge[1198.0][1198.1]
merge[1200][1199]
cut[1201][339,19]
color[1201.2][134,164,185,255]
merge[1201.3][1201.2]
merge[1201.0][1201.1]
merge[1203][1202]
cut[1204][118,241]
color[1204.2][45,53,71,255]
merge[1204.1][1204.0]
merge[1204.2][1204.3]
merge[1206][1205]
cut[1207][161,198]
color[1207.2][162,133,134,255]
merge[1207.1][1207.0]
merge[1207.2][1207.3]
merge[1209][1208]
cut[1210][230,129]
color[1210.2][111,110,118,255]
merge[1210.3][1210.2]
merge[1210.0][1210.1]
merge[1212][1211]
cut[1213][241,118]
color[1213.2][238,250,252,255]
merge[1213.3][1213.2]
merge[1213.0][1213.1]
merge[1215][1214]
cut[1216][244,115]
color[1216.2][82,95,110,255]
merge[1216.3][1216.2]
merge[1216.0][1216.1]
merge[1218][1217]
cut[1219][119,241]
color[1219.2][135,123,138,255]
merge[1219.1][1219.0]
merge[1219.2][1219.3]
merge[1221][1220]
cut[1222][121,239]
color[1222.2][185,173,184,255]
merge[1222.1][1222.0]
merge[1222.2][1222.3]
merge[1224][1223]
cut[1225][327,33]
color[1225.2][115,160,194,255]
merge[1225.3][1225.2]
merge[1225.0][1225.1]
merge[1227][1226]
cut[1228][232,129]
color[1228.2][178,184,196,255]
merge[1228.3][1228.2]
merge[1228.0][1228.1]
merge[1230][1229]
cut[1231][268,93]
color[1231.2][26,43,63,255]
merge[1231.3][1231.2]
merge[1231.0][1231.1]
merge[1233][1232]
cut[1234][232,130]
color[1234.2][116,112,115,255]
merge[1234.3][1234.2]
merge[1234.0][1234.1]
merge[1236][1235]
cut[1237][234,128]
color[1237.2][233,244,250,255]
merge[1237.3][1237.2]
merge[1237.0][1237.1]
merge[1239][1238]
cut[1240][244,118]
color[1240.2][206,221,232,255]
merge[1240.3][1240.2]
merge[1240.0][1240.1]
merge[1242][1241]
cut[1243][131,232]
color[1243.2][183,165,168,255]
merge[1243.1][1243.0]
merge[1243.2][1243.3]
merge[1245][1244]
cut[1246][234,130]
color[1246.2][132,131,138,255]
merge[1246.3][1246.2]
merge[1246.0][1246.1]
merge[1248][1247]
cut[1249][247,118]
color[1249.2][137,143,150,255]
merge[1249.3][1249.2]
merge[1249.0][1249.1]
merge[1251][1250]
cut[1252][324,41]
color[1252.2][69,105,145,255]
merge[1252.3][1252.2]
merge[1252.0][1252.1]
merge[1254][1253]
cut[1255][247,119]
color[1255.2][216,227,234,255]
merge[1255.3][1255.2]
merge[1255.0][1255.1]
merge[1257][1256]
cut[1258][349,17]
color[1258.2][10,41,82,255]
merge[1258.3][1258.2]
merge[1258.0][1258.1]
merge[1260][1259]
cut[1261][223,144]
color[1261.2][82,83,90,255]
merge[1261.3][1261.2]
merge[1261.0][1261.1]
merge[1263][1262]
cut[1264][225,142]
color[1264.2][80,80,89,255]
merge[1264.3][1264.2]
merge[1264.0][1264.1]
merge[1266][1265]
cut[1267][123,245]
color[1267.2][238,243,246,255]
merge[1267.1][1267.0]
merge[1267.2][1267.3]
merge[1269][1268]
cut[1270][127,241]
color[1270.2][107,111,126,255]
merge[1270.1][1270.0]
merge[1270.2][1270.3]
merge[1272][1271]
cut[1273][128,240]
color[1273.2][93,99,117,255]
merge[1273.1][1273.0]
merge[1273.2][1273.3]
merge[1275][1274]
cut[1276][129,239]
color[1276.2][115,116,128,255]
merge[1276.1][1276.0]
merge[1276.2][1276.3]
merge[1278][1277]
cut[1279][249,119]
color[1279.2][143,149,156,255]
merge[1279.3][1279.2]
merge[1279.0][1279.1]
merge[1281][1280]
cut[1282][349,19]
color[1282.2][71,104,142,255]
merge[1282.3][1282.2]
merge[1282.0][1282.1]
merge[1284][1283]
cut[1285][121,248]
color[1285.2][120,106,116,255]
merge[1285.1][1285.0]
merge[1285.2][1285.3]
merge[1287][1286]
cut[1288][249,120]
color[1288.2][214,226,236,255]
merge[1288.3][1288.2]
merge[1288.0][1288.1]
merge[1290][1289]
cut[1291][119,251]
color[1291.2][80,66,73,255]
merge[1291.1][1291.0]
merge[1291.2][1291.3]
merge[1293][1292]
cut[1294][122,248]
color[1294.2][183,180,188,255]
merge[1294.1][1294.0]
merge[1294.2][1294.3]
merge[1296][1295]
cut[1297][171,199]
color[1297.2][221,193,193,255]
merge[1297.1][1297.0]
merge[1297.2][1297.3]
merge[1299][1298]
cut[1300][199,171]
color[1300.2][114,110,118,255]
merge[1300.3][1300.0]
merge[1300.2][1300.1]
merge[1302][1301]
cut[1303][240,130]
color[1303.2][191,202,214,255]
merge[1303.3][1303.2]
merge[1303.0][1303.1]
merge[1305][1304]
cut[1306][329,41]
color[1306.2][133,176,203,255]
merge[1306.3][1306.2]
merge[1306.0][1306.1]
merge[1308][1307]
cut[1309][122,249]
color[1309.2][118,107,115,255]
merge[1309.1][1309.0]
merge[1309.2][1309.3]
merge[1311][1310]
cut[1312][126,245]
color[1312.2][132,134,147,255]
merge[1312.1][1312.0]
merge[1312.2][1312.3]
merge[1314][1313]
cut[1315][169,202]
color[1315.2][219,193,191,255]
merge[1315.1][1315.0]
merge[1315.2][1315.3]
merge[1317][1316]
cut[1318][240,131]
color[1318.2][134,139,156,255]
merge[1318.3][1318.2]
merge[1318.0][1318.1]
merge[1320][1319]
cut[1321][350,21]
color[1321.2][146,178,193,255]
merge[1321.3][1321.2]
merge[1321.0][1321.1]
merge[1323][1322]
cut[1324][127,245]
color[1324.2][55,63,87,255]
merge[1324.1][1324.0]
merge[1324.2][1324.3]
merge[1326][1325]
cut[1327][140,232]
color[1327.2][240,222,233,255]
merge[1327.1][1327.0]
merge[1327.2][1327.3]
merge[1329][1328]
cut[1330][202,170]
color[1330.2][110,105,115,255]
merge[1330.3][1330.2]
merge[1330.0][1330.1]
merge[1332][1331]
cut[1333][121,252]
color[1333.2][142,137,151,255]
merge[1333.1][1333.0]
merge[1333.2][1333.3]
merge[1335][1334]
cut[1336][124,249]
color[1336.2][187,186,195,255]
merge[1336.1][1336.0]
merge[1336.2][1336.3]
merge[1338][1337]
cut[1339][125,248]
color[1339.2][240,249,249,255]
merge[1339.1][1339.0]
merge[1339.2][1339.3]
merge[1341][1340]
cut[1342][126,247]
color[1342.2][210,217,224,255]
merge[1342.1][1342.0]
merge[1342.2][1342.3]
merge[1344][1343]
cut[1345][253,120]
color[1345.2][158,161,169,255]
merge[1345.3][1345.2]
merge[1345.0][1345.1]
merge[1347][1346]
cut[1348][118,256]
color[1348.2][129,120,126,255]
merge[1348.1][1348.0]
merge[1348.2][1348.3]
merge[1350][1349]
cut[1351][124,250]
color[1351.2][115,110,121,255]
merge[1351.1][1351.0]
merge[1351.2][1351.3]
merge[1353][1352]
cut[1354][127,247]
color[1354.2][116,128,148,255]
merge[1354.1][1354.0]
merge[1354.2][1354.3]
merge[1356][1355]
cut[1357][128,246]
color[1357.2][222,226,227,255]
merge[1357.1][1357.0]
merge[1357.2][1357.3]
merge[1359][1358]
cut[1360][130,244]
color[1360.2][20,35,63,255]
merge[1360.1][1360.0]
merge[1360.2][1360.3]
merge[1362][1361]
cut[1363][131,243]
color[1363.2][29,41,66,255]
merge[1363.1][1363.0]
merge[1363.2][1363.3]
merge[1365][1364]
cut[1366][253,121]
color[1366.2][229,239,242,255]
merge[1366.3][1366.2]
merge[1366.0][1366.1]
merge[1368][1367]
cut[1369][256,118]
color[1369.2][75,85,91,255]
merge[1369.3][1369.2]
merge[1369.0][1369.1]
merge[1371][1370]
cut[1372][349,25]
color[1372.2][128,173,203,255]
merge[1372.3][1372.2]
merge[1372.0][1372.1]
merge[1374][1373]
cut[1375][117,258]
color[1375.2][121,115,124,255]
merge[1375.1][1375.0]
merge[1375.2][1375.3]
merge[1377][1376]
cut[1378][120,255]
color[1378.2][144,132,140,255]
merge[1378.1][1378.0]
merge[1378.2][1378.3]
merge[1380][1379]
cut[1381][133,242]
color[1381.2][45,57,81,255]
merge[1381.1][1381.0]
merge[1381.2][1381.3]
merge[1383][1382]
cut[1384][354,21]
color[1384.2][76,106,142,255]
merge[1384.3][1384.2]
merge[1384.0][1384.1]
merge[1386][1385]
cut[1387][124,252]
color[1387.2][178,169,181,255]
merge[1387.1][1387.0]
merge[1387.2][1387.3]
merge[1389][1388]
cut[1390][128,248]
color[1390.2][63,71,95,255]
merge[1390.1][1390.0]
merge[1390.2][1390.3]
merge[1392][1391]
cut[1393][130,246]
color[1393.2][103,113,131,255]
merge[1393.1][1393.0]
merge[1393.2][1393.3]
merge[1395][1394]
cut[1396][168,208]
color[1396.2][223,194,195,255]
merge[1396.1][1396.0]
merge[1396.2][1396.3]
merge[1398][1397]
cut[1399][131,246]
color[1399.2][26,34,56,255]
merge[1399.1][1399.0]
merge[1399.2][1399.3]
merge[1401][1400]
cut[1402][167,210]
color[1402.2][218,192,195,255]
merge[1402.1][1402.0]
merge[1402.2][1402.3]
merge[1404][1403]
cut[1405][246,131]
color[1405.2][196,207,218,255]
merge[1405.3][1405.2]
merge[1405.0][1405.1]
merge[1407][1406]
cut[1408][256,121]
color[1408.2][172,174,179,255]
merge[1408.3][1408.2]
merge[1408.0][1408.1]
merge[1410][1409]
cut[1411][136,242]
color[1411.2][131,131,140,255]
merge[1411.1][1411.0]
merge[1411.2][1411.3]
merge[1413][1412]
cut[1414][139,239]
color[1414.2][216,188,193,255]
merge[1414.1][1414.0]
merge[1414.2][1414.3]
merge[1416][1415]
cut[1417][242,136]
color[1417.2][86,83,86,255]
merge[1417.3][1417.2]
merge[1417.0][1417.1]
merge[1419][1418]
cut[1420][328,50]
color[1420.2][133,169,194,255]
merge[1420.3][1420.2]
merge[1420.0][1420.1]
merge[1422][1421]
cut[1423][118,261]
color[1423.2][193,187,192,255]
merge[1423.1][1423.0]
merge[1423.2][1423.3]
merge[1425][1424]
cut[1426][119,260]
color[1426.2][192,179,183,255]
merge[1426.1][1426.0]
merge[1426.2][1426.3]
merge[1428][1427]
cut[1429][128,251]
color[1429.2][148,136,147,255]
merge[1429.1][1429.0]
merge[1429.2][1429.3]
merge[1431][1430]
cut[1432][147,232]
color[1432.2][177,161,164,255]
merge[1432.1][1432.0]
merge[1432.2][1432.3]
merge[1434][1433]
cut[1435][165,214]
color[1435.2][221,194,192,255]
merge[1435.1][1435.0]
merge[1435.2][1435.3]
merge[1437][1436]
cut[1438][246,133]
color[1438.2][136,145,167,255]
merge[1438.3][1438.2]
merge[1438.0][1438.1]
merge[1440][1439]
cut[1441][256,123]
color[1441.2][237,244,241,255]
merge[1441.3][1441.2]
merge[1441.0][1441.1]
merge[1443][1442]
cut[1444][324,55]
color[1444.2][14,34,65,255]
merge[1444.3][1444.2]
merge[1444.0][1444.1]
merge[1446][1445]
cut[1447][160,220]
color[1447.2][195,167,169,255]
merge[1447.1][1447.0]
merge[1447.2][1447.3]
merge[1449][1448]
cut[1450][245,135]
color[1450.2][86,81,90,255]
merge[1450.3][1450.2]
merge[1450.0][1450.1]
merge[1452][1451]
cut[1453][325,55]
color[1453.2][69,106,140,255]
merge[1453.3][1453.2]
merge[1453.0][1453.1]
merge[1455][1454]
cut[1456][131,250]
color[1456.2][133,130,144,255]
merge[1456.1][1456.0]
merge[1456.2][1456.3]
merge[1458][1457]
cut[1459][132,249]
color[1459.2][91,94,113,255]
merge[1459.1][1459.0]
merge[1459.2][1459.3]
merge[1461][1460]
cut[1462][260,121]
color[1462.2][106,112,123,255]
merge[1462.3][1462.2]
merge[1462.0][1462.1]
merge[1464][1463]
cut[1465][362,19]
color[1465.2][11,31,66,255]
merge[1465.3][1465.2]
merge[1465.0][1465.1]
merge[1467][1466]
cut[1468][164,218]
color[1468.2][223,191,190,255]
merge[1468.1][1468.0]
merge[1468.2][1468.3]
merge[1470][1469]
cut[1471][260,122]
color[1471.2][178,182,191,255]
merge[1471.3][1471.2]
merge[1471.0][1471.1]
merge[1473][1472]
cut[1474][135,248]
color[1474.2][108,106,124,255]
merge[1474.1][1474.0]
merge[1474.2][1474.3]
merge[1476][1475]
cut[1477][328,55]
color[1477.2][135,166,186,255]
merge[1477.3][1477.2]
merge[1477.0][1477.1]
merge[1479][1478]
cut[1480][132,253]
color[1480.2][157,151,164,255]
merge[1480.1][1480.0]
merge[1480.2][1480.3]
merge[1482][1481]
cut[1483][263,122]
color[1483.2][107,112,123,255]
merge[1483.3][1483.2]
merge[1483.0][1483.1]
merge[1485][1484]
cut[1486][326,59]
color[1486.2][157,156,144,255]
merge[1486.3][1486.2]
merge[1486.0][1486.1]
merge[1488][1487]
cut[1489][348,37]
color[1489.2][199,216,205,255]
merge[1489.3][1489.2]
merge[1489.0][1489.1]
merge[1491][1490]
cut[1492][117,269]
color[1492.2][38,46,66,255]
merge[1492.1][1492.0]
merge[1492.2][1492.3]
merge[1494][1493]
cut[1495][137,249]
color[1495.2][177,165,170,255]
merge[1495.1][1495.0]
merge[1495.2][1495.3]
merge[1497][1496]
cut[1498][138,248]
color[1498.2][201,187,187,255]
merge[1498.1][1498.0]
merge[1498.2][1498.3]
merge[1500][1499]
cut[1501][263,123]
color[1501.2][187,189,193,255]
merge[1501.3][1501.2]
merge[1501.0][1501.1]
merge[1503][1502]
cut[1504][119,269]
color[1504.2][162,164,178,255]
merge[1504.1][1504.0]
merge[1504.2][1504.3]
merge[1506][1505]
cut[1507][255,133]
color[1507.2][197,210,226,255]
merge[1507.3][1507.2]
merge[1507.0][1507.1]
merge[1509][1508]
cut[1510][265,123]
color[1510.2][118,121,131,255]
merge[1510.3][1510.2]
merge[1510.0][1510.1]
merge[1512][1511]
cut[1513][254,135]
color[1513.2][132,144,162,255]
merge[1513.3][1513.2]
merge[1513.0][1513.1]
merge[1515][1514]
cut[1516][265,124]
color[1516.2][186,192,201,255]
merge[1516.3][1516.2]
merge[1516.0][1516.1]
merge[1518][1517]
cut[1519][325,64]
color[1519.2][154,159,158,255]
merge[1519.3][1519.2]
merge[1519.0][1519.1]
merge[1521][1520]
cut[1522][119,271]
color[1522.2][91,96,118,255]
merge[1522.1][1522.0]
merge[1522.2][1522.3]
merge[1524][1523]
cut[1525][115,276]
color[1525.2][10,14,24,255]
merge[1525.1][1525.0]
merge[1525.2][1525.3]
merge[1527][1526]
cut[1528][120,271]
color[1528.2][168,169,176,255]
merge[1528.1][1528.0]
merge[1528.2][1528.3]
merge[1530][1529]
cut[1531][354,37]
color[1531.2][119,157,180,255]
merge[1531.3][1531.2]
merge[1531.0][1531.1]
merge[1533][1532]
cut[1534][131,261]
color[1534.2][200,191,193,255]
merge[1534.1][1534.0]
merge[1534.2][1534.3]
merge[1536][1535]
cut[1537][254,138]
color[1537.2][81,70,80,255]
merge[1537.3][1537.2]
merge[1537.0][1537.1]
merge[1539][1538]
cut[1540][268,124]
color[1540.2][106,111,119,255]
merge[1540.3][1540.2]
merge[1540.0][1540.1]
merge[1542][1541]
cut[1543][120,273]
color[1543.2][84,84,103,255]
merge[1543.1][1543.0]
merge[1543.2][1543.3]
merge[1545][1544]
cut[1546][241,152]
color[1546.2][87,81,88,255]
merge[1546.3][1546.2]
merge[1546.0][1546.1]
merge[1548][1547]
cut[1549][261,132]
color[1549.2][233,243,251,255]
merge[1549.3][1549.2]
merge[1549.0][1549.1]
merge[1551][1550]
cut[1552][268,125]
color[1552.2][165,170,183,255]
merge[1552.3][1552.2]
merge[1552.0][1552.1]
merge[1554][1553]
cut[1555][121,273]
color[1555.2][165,164,171,255]
merge[1555.1][1555.0]
merge[1555.2][1555.3]
merge[1557][1556]
cut[1558][128,266]
color[1558.2][225,206,204,255]
merge[1558.1][1558.0]
merge[1558.2][1558.3]
merge[1560][1559]
cut[1561][129,265]
color[1561.2][219,203,203,255]
merge[1561.1][1561.0]
merge[1561.2][1561.3]
merge[1563][1562]
cut[1564][130,264]
color[1564.2][222,204,206,255]
merge[1564.1][1564.0]
merge[1564.2][1564.3]
merge[1566][1565]
cut[1567][136,258]
color[1567.2][229,207,206,255]
merge[1567.1][1567.0]
merge[1567.2][1567.3]
merge[1569][1568]
cut[1570][240,154]
color[1570.2][83,82,89,255]
merge[1570.3][1570.2]
merge[1570.0][1570.1]
merge[1572][1571]
cut[1573][357,37]
color[1573.2][51,88,126,255]
merge[1573.3][1573.2]
merge[1573.0][1573.1]
merge[1575][1574]
cut[1576][252,144]
color[1576.2][145,153,168,255]
merge[1576.3][1576.2]
merge[1576.0][1576.1]
merge[1578][1577]
cut[1579][253,143]
color[1579.2][135,143,158,255]
merge[1579.3][1579.2]
merge[1579.0][1579.1]
merge[1581][1580]
cut[1582][261,135]
color[1582.2][146,161,183,255]
merge[1582.3][1582.2]
merge[1582.0][1582.1]
merge[1584][1583]
cut[1585][271,125]
color[1585.2][81,94,104,255]
merge[1585.3][1585.2]
merge[1585.0][1585.1]
merge[1587][1586]
cut[1588][121,276]
color[1588.2][65,66,78,255]
merge[1588.1][1588.0]
merge[1588.2][1588.3]
merge[1590][1589]
cut[1591][324,73]
color[1591.2][91,93,98,255]
merge[1591.3][1591.2]
merge[1591.0][1591.1]
merge[1593][1592]
cut[1594][122,276]
color[1594.2][153,153,162,255]
merge[1594.1][1594.0]
merge[1594.2][1594.3]
merge[1596][1595]
cut[1597][271,127]
color[1597.2][180,185,197,255]
merge[1597.3][1597.2]
merge[1597.0][1597.1]
merge[1599][1598]
cut[1600][268,131]
color[1600.2][233,243,248,255]
merge[1600.3][1600.2]
merge[1600.0][1600.1]
merge[1602][1601]
