color[0][12,19,32,255]
cut[0][177,74]
color[0.2][206,215,226,255]
merge[0.3][0.0]
merge[0.2][0.1]
merge[2][1]
cut[3][177,90]
color[3.2][22,28,44,255]
merge[3.3][3.0]
merge[3.2][3.1]
merge[5][4]
cut[6][181,90]
color[6.2][234,240,243,255]
merge[6.3][6.0]
merge[6.2][6.1]
merge[8][7]
cut[9][181,94]
color[9.2][31,41,59,255]
merge[9.3][9.0]
merge[9.2][9.1]
merge[11][10]
cut[12][137,140]
color[12.2][217,203,195,255]
merge[12.1][12.0]
merge[12.2][12.3]
merge[14][13]
cut[15][139,138]
color[15.2][217,200,196,255]
merge[15.3][15.0]
merge[15.2][15.1]
merge[17][16]
cut[18][140,137]
color[18.2][223,204,197,255]
merge[18.3][18.0]
merge[18.2][18.1]
merge[20][19]
cut[21][183,94]
color[21.2][226,237,245,255]
merge[21.3][21.0]
merge[21.2][21.1]
merge[23][22]
cut[24][136,142]
color[24.2][218,199,193,255]
merge[24.1][24.0]
merge[24.2][24.3]
merge[26][25]
cut[27][135,144]
color[27.2][230,207,197,255]
merge[27.1][27.0]
merge[27.2][27.3]
merge[29][28]
cut[30][134,146]
color[30.2][224,204,193,255]
merge[30.1][30.0]
merge[30.2][30.3]
merge[32][31]
cut[33][183,97]
color[33.2][30,32,39,255]
merge[33.3][33.0]
merge[33.2][33.1]
merge[35][34]
cut[36][133,149]
color[36.2][223,207,201,255]
merge[36.1][36.0]
merge[36.2][36.3]
merge[38][37]
cut[39][185,97]
color[39.2][206,219,227,255]
merge[39.3][39.0]
merge[39.2][39.1]
merge[41][40]
cut[42][132,153]
color[42.2][218,201,204,255]
merge[42.1][42.0]
merge[42.2][42.3]
merge[44][43]
cut[45][185,100]
color[45.2][22,30,44,255]
merge[45.3][45.0]
merge[45.2][45.1]
merge[47][46]
cut[48][131,157]
color[48.2][208,197,206,255]
merge[48.1][48.0]
merge[48.2][48.3]
merge[50][49]
cut[51][188,100]
color[51.2][240,246,249,255]
merge[51.3][51.0]
merge[51.2][51.1]
merge[53][52]
cut[54][188,104]
color[54.2][28,28,39,255]
merge[54.3][54.0]
merge[54.2][54.1]
merge[56][55]
cut[57][130,163]
color[57.2][220,200,204,255]
merge[57.1][57.0]
merge[57.2][57.3]
merge[59][58]
cut[60][129,165]
color[60.2][208,196,206,255]
merge[60.1][60.0]
merge[60.2][60.3]
merge[62][61]
cut[63][127,168]
color[63.2][214,197,200,255]
merge[63.1][63.0]
merge[63.2][63.3]
merge[65][64]
cut[66][128,167]
color[66.2][218,199,202,255]
merge[66.1][66.0]
merge[66.2][66.3]
merge[68][67]
cut[69][191,104]
color[69.2][242,248,249,255]
merge[69.3][69.0]
merge[69.2][69.1]
merge[71][70]
cut[72][126,170]
color[72.2][213,199,203,255]
merge[72.1][72.0]
merge[72.2][72.3]
merge[74][73]
cut[75][191,107]
color[75.2][41,42,50,255]
merge[75.3][75.0]
merge[75.2][75.1]
merge[77][76]
cut[78][125,175]
color[78.2][222,198,197,255]
merge[78.1][78.0]
merge[78.2][78.3]
merge[80][79]
cut[81][194,107]
color[81.2][242,245,246,255]
merge[81.3][81.0]
merge[81.2][81.1]
merge[83][82]
cut[84][124,178]
color[84.2][218,197,199,255]
merge[84.1][84.0]
merge[84.2][84.3]
merge[86][85]
cut[87][123,181]
color[87.2][217,197,204,255]
merge[87.1][87.0]
merge[87.2][87.3]
merge[89][88]
cut[90][122,185]
color[90.2][221,195,200,255]
merge[90.1][90.0]
merge[90.2][90.3]
merge[92][91]
cut[93][121,188]
color[93.2][219,196,202,255]
merge[93.1][93.0]
merge[93.2][93.3]
merge[95][94]
cut[96][120,192]
color[96.2][218,197,196,255]
merge[96.1][96.0]
merge[96.2][96.3]
merge[98][97]
cut[99][119,200]
color[99.2][230,201,203,255]
merge[99.1][99.0]
merge[99.2][99.3]
merge[101][100]
cut[102][118,202]
color[102.2][218,199,199,255]
merge[102.1][102.0]
merge[102.2][102.3]
merge[104][103]
cut[105][117,207]
color[105.2][219,202,204,255]
merge[105.1][105.0]
merge[105.2][105.3]
merge[107][106]
cut[108][256,94]
color[108.2][35,50,68,255]
merge[108.3][108.2]
merge[108.0][108.1]
merge[110][109]
cut[111][259,91]
color[111.2][33,49,66,255]
merge[111.3][111.2]
merge[111.0][111.1]
merge[113][112]
cut[114][264,90]
color[114.2][35,51,67,255]
merge[114.3][114.2]
merge[114.0][114.1]
merge[116][115]
cut[117][350,27]
color[117.2][197,211,206,255]
merge[117.3][117.2]
merge[117.0][117.1]
merge[119][118]
cut[120][256,123]
color[120.2][237,244,241,255]
merge[120.3][120.2]
merge[120.0][120.1]
merge[122][121]
cut[123][348,37]
color[123.2][199,216,205,255]
merge[123.3][123.2]
merge[123.0][123.1]
merge[125][124]
cut[126][345,42]
color[126.2][183,214,214,255]
merge[126.3][126.2]
merge[126.0][126.1]
merge[128][127]
cut[129][344,46]
color[129.2][189,213,210,255]
merge[129.3][129.2]
merge[129.0][129.1]
merge[131][130]
cut[132][331,66]
color[132.2][221,206,184,255]
merge[132.3][132.2]
merge[132.0][132.1]
merge[134][133]
cut[135][117,281]
color[135.2][15,22,39,255]
merge[135.1][135.0]
merge[135.2][135.3]
merge[137][136]
cut[138][323,75]
color[138.2][30,25,37,255]
merge[138.3][138.2]
merge[138.0][138.1]
merge[140][139]
cut[141][328,70]
color[141.2][231,211,186,255]
merge[141.3][141.2]
merge[141.0][141.1]
merge[143][142]
cut[144][336,62]
color[144.2][220,207,189,255]
merge[144.3][144.2]
merge[144.0][144.1]
merge[146][145]
cut[147][369,30]
color[147.2][10,16,39,255]
merge[147.3][147.2]
merge[147.0][147.1]
merge[149][148]
