color[0][12,19,32,255]
cut[0][178,75]
color[0.2][230,238,243,255]
merge[0.3][0.0]
merge[0.2][0.1]
merge[2][1]
cut[3][177,77]
color[3.2][229,234,240,255]
merge[3.3][3.0]
merge[3.2][3.1]
merge[5][4]
cut[6][177,91]
color[6.2][14,22,37,255]
merge[6.3][6.0]
merge[6.2][6.1]
merge[8][7]
cut[9][182,91]
color[9.2][234,240,244,255]
merge[9.3][9.0]
merge[9.2][9.1]
merge[11][10]
cut[12][182,96]
color[12.2][10,17,32,255]
merge[12.3][12.0]
merge[12.2][12.1]
merge[14][13]
cut[15][136,146]
color[15.2][236,226,229,255]
merge[15.1][15.0]
merge[15.2][15.3]
merge[17][16]
cut[18][137,145]
color[18.2][238,225,229,255]
merge[18.1][18.0]
merge[18.2][18.3]
merge[20][19]
cut[21][186,96]
color[21.2][227,231,233,255]
merge[21.3][21.0]
merge[21.2][21.1]
merge[23][22]
cut[24][186,108]
color[24.2][9,16,25,255]
merge[24.3][24.0]
merge[24.2][24.1]
merge[26][25]
cut[27][194,108]
color[27.2][226,236,242,255]
merge[27.3][27.0]
merge[27.2][27.1]
merge[29][28]
cut[30][124,190]
color[30.2][244,217,227,255]
merge[30.1][30.0]
merge[30.2][30.3]
merge[32][31]
cut[33][128,189]
color[33.2][237,223,227,255]
merge[33.1][33.0]
merge[33.2][33.3]
merge[35][34]
cut[36][131,186]
color[36.2][243,218,228,255]
merge[36.1][36.0]
merge[36.2][36.3]
merge[38][37]
cut[39][119,224]
color[39.2][241,218,229,255]
merge[39.1][39.0]
merge[39.2][39.3]
merge[41][40]
cut[42][118,229]
color[42.2][241,221,233,255]
merge[42.1][42.0]
merge[42.2][42.3]
merge[44][43]
cut[45][323,76]
color[45.2][23,22,34,255]
merge[45.3][45.2]
merge[45.0][45.1]
merge[47][46]
