color[0][10,15,27,255]
cut[0][10,30]
color[0.2][5,10,19,255]
merge[0.1][0.0]
merge[0.2][0.3]
merge[2][1]
cut[3][X][60]
color[3.1][7,12,16,255]
merge[3.0][3.1]
cut[4][30,40]
color[4.2][11,18,26,255]
merge[4.1][4.0]
merge[4.2][4.3]
merge[6][5]
cut[7][40,30]
color[7.2][13,21,31,255]
merge[7.3][7.0]
merge[7.2][7.1]
merge[9][8]
cut[10][60,20]
color[10.2][11,16,25,255]
merge[10.3][10.0]
merge[10.2][10.1]
merge[12][11]
cut[13][Y][100]
color[13.1][12,22,37,255]
merge[13.0][13.1]
cut[14][20,90]
color[14.2][10,17,26,255]
merge[14.1][14.0]
merge[14.2][14.3]
merge[16][15]
cut[17][X][110]
color[17.1][12,18,24,255]
merge[17.0][17.1]
cut[18][50,70]
color[18.2][7,13,20,255]
merge[18.1][18.0]
merge[18.2][18.3]
merge[20][19]
cut[21][20,110]
color[21.2][14,24,38,255]
merge[21.1][21.0]
merge[21.2][21.3]
merge[23][22]
cut[24][60,70]
color[24.2][11,19,31,255]
merge[24.1][24.0]
merge[24.2][24.3]
merge[26][25]
cut[27][70,60]
color[27.2][12,23,36,255]
merge[27.3][27.0]
merge[27.2][27.1]
merge[29][28]
cut[30][X][130]
color[30.1][8,12,14,255]
merge[30.0][30.1]
cut[31][40,100]
color[31.2][15,24,40,255]
merge[31.1][31.0]
merge[31.2][31.3]
merge[33][32]
cut[34][50,90]
color[34.2][11,20,31,255]
merge[34.1][34.0]
merge[34.2][34.3]
merge[36][35]
cut[37][130,10]
color[37.2][11,17,23,255]
merge[37.3][37.0]
merge[37.2][37.1]
merge[39][38]
cut[40][X][140]
color[40.1][15,19,28,255]
merge[40.0][40.1]
cut[41][X][150]
color[41.1][126,120,110,255]
merge[41.0][41.1]
cut[42][10,150]
color[42.2][10,18,26,255]
merge[42.1][42.0]
merge[42.2][42.3]
merge[44][43]
cut[45][60,100]
color[45.2][15,25,40,255]
merge[45.1][45.0]
merge[45.2][45.3]
merge[47][46]
cut[48][90,70]
color[48.2][10,18,27,255]
merge[48.3][48.0]
merge[48.2][48.1]
merge[50][49]
cut[51][150,10]
color[51.2][73,75,77,255]
merge[51.3][51.0]
merge[51.2][51.1]
merge[53][52]
cut[54][X][160]
color[54.1][150,151,145,255]
merge[54.0][54.1]
cut[55][Y][170]
color[55.1][10,19,26,255]
merge[55.0][55.1]
cut[56][110,60]
color[56.2][8,15,21,255]
merge[56.3][56.0]
merge[56.2][56.1]
merge[58][57]
cut[59][150,20]
color[59.2][64,65,65,255]
merge[59.3][59.0]
merge[59.2][59.1]
merge[61][60]
cut[62][X][170]
color[62.1][190,165,138,255]
merge[62.0][62.1]
cut[63][30,150]
color[63.2][15,24,36,255]
merge[63.1][63.0]
merge[63.2][63.3]
merge[65][64]
cut[66][60,120]
color[66.2][11,19,26,255]
merge[66.1][66.0]
merge[66.2][66.3]
merge[68][67]
cut[69][70,110]
color[69.2][12,21,31,255]
merge[69.1][69.0]
merge[69.2][69.3]
merge[71][70]
cut[72][80,100]
color[72.2][13,21,31,255]
merge[72.1][72.0]
merge[72.2][72.3]
merge[74][73]
cut[75][140,40]
color[75.2][8,13,18,255]
merge[75.3][75.0]
merge[75.2][75.1]
merge[77][76]
cut[78][150,30]
color[78.2][47,47,48,255]
merge[78.3][78.0]
merge[78.2][78.1]
merge[80][79]
cut[81][160,20]
color[81.2][140,142,138,255]
merge[81.3][81.0]
merge[81.2][81.1]
merge[83][82]
cut[84][170,10]
color[84.2][167,157,143,255]
merge[84.3][84.0]
merge[84.2][84.1]
merge[86][85]
cut[87][X][180]
color[87.1][204,169,131,255]
merge[87.0][87.1]
cut[88][150,40]
color[88.2][14,18,26,255]
merge[88.3][88.0]
merge[88.2][88.1]
merge[90][89]
cut[91][160,30]
color[91.2][131,133,131,255]
merge[91.3][91.0]
merge[91.2][91.1]
merge[93][92]
cut[94][170,20]
color[94.2][147,147,143,255]
merge[94.3][94.0]
merge[94.2][94.1]
merge[96][95]
cut[97][180,10]
color[97.2][192,165,134,255]
merge[97.3][97.0]
merge[97.2][97.1]
merge[99][98]
cut[100][X][190]
color[100.1][194,165,135,255]
merge[100.0][100.1]
cut[101][60,140]
color[101.2][16,25,34,255]
merge[101.1][101.0]
merge[101.2][101.3]
merge[103][102]
cut[104][160,40]
color[104.2][105,107,107,255]
merge[104.3][104.0]
merge[104.2][104.1]
merge[106][105]
cut[107][170,30]
color[107.2][139,139,134,255]
merge[107.3][107.0]
merge[107.2][107.1]
merge[109][108]
cut[110][180,20]
color[110.2][167,157,140,255]
merge[110.3][110.0]
merge[110.2][110.1]
merge[112][111]
cut[113][X][200]
color[113.1][151,143,129,255]
merge[113.0][113.1]
cut[114][40,170]
color[114.2][20,31,44,255]
merge[114.1][114.0]
merge[114.2][114.3]
merge[116][115]
cut[117][130,80]
color[117.2][12,20,30,255]
merge[117.3][117.0]
merge[117.2][117.1]
merge[119][118]
cut[120][160,50]
color[120.2][54,59,66,255]
merge[120.3][120.0]
merge[120.2][120.1]
merge[122][121]
cut[123][170,40]
color[123.2][144,137,125,255]
merge[123.3][123.0]
merge[123.2][123.1]
merge[125][124]
cut[126][180,30]
color[126.2][143,144,141,255]
merge[126.3][126.0]
merge[126.2][126.1]
merge[128][127]
cut[129][190,20]
color[129.2][176,158,132,255]
merge[129.3][129.0]
merge[129.2][129.1]
merge[131][130]
cut[132][200,10]
color[132.2][164,151,129,255]
merge[132.3][132.2]
merge[132.0][132.1]
merge[134][133]
cut[135][X][210]
color[135.1][131,132,125,255]
merge[135.0][135.1]
cut[136][Y][220]
color[136.1][14,26,42,255]
merge[136.0][136.1]
cut[137][20,200]
color[137.2][13,23,35,255]
merge[137.1][137.0]
merge[137.2][137.3]
merge[139][138]
cut[140][160,60]
color[140.2][20,26,36,255]
merge[140.3][140.0]
merge[140.2][140.1]
merge[142][141]
cut[143][170,50]
color[143.2][152,143,126,255]
merge[143.3][143.0]
merge[143.2][143.1]
merge[145][144]
cut[146][180,40]
color[146.2][140,136,128,255]
merge[146.3][146.0]
merge[146.2][146.1]
merge[148][147]
cut[149][190,30]
color[149.2][155,149,136,255]
merge[149.3][149.0]
merge[149.2][149.1]
merge[151][150]
cut[152][200,20]
color[152.2][177,158,130,255]
merge[152.3][152.2]
merge[152.0][152.1]
merge[154][153]
cut[155][60,170]
color[155.2][13,23,31,255]
merge[155.1][155.0]
merge[155.2][155.3]
merge[157][156]
cut[158][110,120]
color[158.2][16,27,42,255]
merge[158.1][158.0]
merge[158.2][158.3]
merge[160][159]
cut[161][120,110]
color[161.2][17,27,41,255]
merge[161.3][161.0]
merge[161.2][161.1]
merge[163][162]
cut[164][170,60]
color[164.2][129,125,113,255]
merge[164.3][164.0]
merge[164.2][164.1]
merge[166][165]
cut[167][180,50]
color[167.2][179,157,128,255]
merge[167.3][167.0]
merge[167.2][167.1]
merge[169][168]
cut[170][190,40]
color[170.2][133,135,130,255]
merge[170.3][170.0]
merge[170.2][170.1]
merge[172][171]
cut[173][210,20]
color[173.2][156,150,134,255]
merge[173.3][173.2]
merge[173.0][173.1]
merge[175][174]
cut[176][220,10]
color[176.2][139,138,131,255]
merge[176.3][176.2]
merge[176.0][176.1]
merge[178][177]
cut[179][30,210]
color[179.2][18,29,45,255]
merge[179.1][179.0]
merge[179.2][179.3]
merge[181][180]
cut[182][140,100]
color[182.2][16,27,41,255]
merge[182.3][182.0]
merge[182.2][182.1]
merge[184][183]
cut[185][150,90]
color[185.2][14,25,40,255]
merge[185.3][185.0]
merge[185.2][185.1]
merge[187][186]
cut[188][170,70]
color[188.2][90,92,97,255]
merge[188.3][188.0]
merge[188.2][188.1]
merge[190][189]
cut[191][180,60]
color[191.2][168,151,127,255]
merge[191.3][191.0]
merge[191.2][191.1]
merge[193][192]
cut[194][190,50]
color[194.2][150,140,124,255]
merge[194.3][194.0]
merge[194.2][194.1]
merge[196][195]
cut[197][200,40]
color[197.2][162,150,130,255]
merge[197.3][197.2]
merge[197.0][197.1]
merge[199][198]
cut[200][210,30]
color[200.2][182,160,130,255]
merge[200.3][200.2]
merge[200.0][200.1]
merge[202][201]
cut[203][220,20]
color[203.2][151,149,140,255]
merge[203.3][203.2]
merge[203.0][203.1]
merge[205][204]
cut[206][Y][250]
color[206.1][9,18,28,255]
merge[206.0][206.1]
cut[207][100,150]
color[207.2][21,31,45,255]
merge[207.1][207.0]
merge[207.2][207.3]
merge[209][208]
cut[210][110,140]
color[210.2][24,35,50,255]
merge[210.1][210.0]
merge[210.2][210.3]
merge[212][211]
cut[213][120,130]
color[213.2][20,33,49,255]
merge[213.1][213.0]
merge[213.2][213.3]
merge[215][214]
cut[216][170,80]
color[216.2][65,73,90,255]
merge[216.3][216.0]
merge[216.2][216.1]
merge[218][217]
cut[219][180,70]
color[219.2][169,164,152,255]
merge[219.3][219.0]
merge[219.2][219.1]
merge[221][220]
cut[222][190,60]
color[222.2][188,160,126,255]
merge[222.3][222.0]
merge[222.2][222.1]
merge[224][223]
cut[225][210,40]
color[225.2][193,163,127,255]
merge[225.3][225.2]
merge[225.0][225.1]
merge[227][226]
cut[228][220,30]
color[228.2][169,156,136,255]
merge[228.3][228.2]
merge[228.0][228.1]
merge[230][229]
cut[231][240,10]
color[231.2][148,140,124,255]
merge[231.3][231.2]
merge[231.0][231.1]
merge[233][232]
cut[234][10,250]
color[234.2][14,24,38,255]
merge[234.1][234.0]
merge[234.2][234.3]
merge[236][235]
cut[237][50,210]
color[237.2][15,25,36,255]
merge[237.1][237.0]
merge[237.2][237.3]
merge[239][238]
cut[240][80,180]
color[240.2][9,17,24,255]
merge[240.1][240.0]
merge[240.2][240.3]
merge[242][241]
cut[243][130,130]
color[243.2][44,51,64,255]
merge[243.3][243.0]
merge[243.2][243.1]
merge[245][244]
cut[246][170,90]
color[246.2][18,25,37,255]
merge[246.3][246.0]
merge[246.2][246.1]
merge[248][247]
cut[249][180,80]
color[249.2][216,223,226,255]
merge[249.3][249.0]
merge[249.2][249.1]
merge[251][250]
cut[252][190,70]
color[252.2][172,155,129,255]
merge[252.3][252.0]
merge[252.2][252.1]
merge[254][253]
cut[255][210,50]
color[255.2][172,154,129,255]
merge[255.3][255.2]
merge[255.0][255.1]
merge[257][256]
cut[258][220,40]
color[258.2][195,165,126,255]
merge[258.3][258.2]
merge[258.0][258.1]
merge[260][259]
cut[261][240,20]
color[261.2][158,145,124,255]
merge[261.3][261.2]
merge[261.0][261.1]
merge[263][262]
cut[264][250,10]
color[264.2][125,123,114,255]
merge[264.3][264.2]
merge[264.0][264.1]
merge[266][265]
cut[267][X][260]
color[267.1][90,95,94,255]
merge[267.0][267.1]
cut[268][Y][270]
color[268.1][16,30,47,255]
merge[268.0][268.1]
cut[269][30,240]
color[269.2][10,21,32,255]
merge[269.1][269.0]
merge[269.2][269.3]
merge[271][270]
cut[272][90,180]
color[272.2][14,24,35,255]
merge[272.1][272.0]
merge[272.2][272.3]
merge[274][273]
cut[275][120,150]
color[275.2][32,40,52,255]
merge[275.1][275.0]
merge[275.2][275.3]
merge[277][276]
cut[278][130,140]
color[278.2][134,127,131,255]
merge[278.1][278.0]
merge[278.2][278.3]
merge[280][279]
cut[281][140,130]
color[281.2][109,104,110,255]
merge[281.3][281.0]
merge[281.2][281.1]
merge[283][282]
cut[284][150,120]
color[284.2][51,57,70,255]
merge[284.3][284.0]
merge[284.2][284.1]
merge[286][285]
cut[287][180,90]
color[287.2][179,187,193,255]
merge[287.3][287.0]
merge[287.2][287.1]
merge[289][288]
cut[290][190,80]
color[290.2][176,167,154,255]
merge[290.3][290.0]
merge[290.2][290.1]
merge[292][291]
cut[293][200,70]
color[293.2][186,160,125,255]
merge[293.3][293.2]
merge[293.0][293.1]
merge[295][294]
cut[296][220,50]
color[296.2][170,155,128,255]
merge[296.3][296.2]
merge[296.0][296.1]
merge[298][297]
cut[299][230,40]
color[299.2][183,159,124,255]
merge[299.3][299.2]
merge[299.0][299.1]
merge[301][300]
cut[302][240,30]
color[302.2][144,135,120,255]
merge[302.3][302.2]
merge[302.0][302.1]
merge[304][303]
cut[305][250,20]
color[305.2][103,105,104,255]
merge[305.3][305.2]
merge[305.0][305.1]
merge[307][306]
cut[308][X][270]
color[308.1][65,76,79,255]
merge[308.0][308.1]
cut[309][40,240]
color[309.2][15,26,41,255]
merge[309.1][309.0]
merge[309.2][309.3]
merge[311][310]
cut[312][60,220]
color[312.2][11,19,25,255]
merge[312.1][312.0]
merge[312.2][312.3]
merge[314][313]
cut[315][70,210]
color[315.2][11,20,27,255]
merge[315.1][315.0]
merge[315.2][315.3]
merge[317][316]
cut[318][120,160]
color[318.2][78,80,89,255]
merge[318.1][318.0]
merge[318.2][318.3]
merge[320][319]
cut[321][130,150]
color[321.2][196,175,181,255]
merge[321.1][321.0]
merge[321.2][321.3]
merge[323][322]
cut[324][140,140]
color[324.2][214,194,195,255]
merge[324.3][324.0]
merge[324.2][324.1]
merge[326][325]
cut[327][150,130]
color[327.2][161,155,163,255]
merge[327.3][327.0]
merge[327.2][327.1]
merge[329][328]
cut[330][180,100]
color[330.2][52,58,66,255]
merge[330.3][330.0]
merge[330.2][330.1]
merge[332][331]
cut[333][190,90]
color[333.2][216,223,222,255]
merge[333.3][333.0]
merge[333.2][333.1]
merge[335][334]
cut[336][220,60]
color[336.2][152,142,124,255]
merge[336.3][336.2]
merge[336.0][336.1]
merge[338][337]
cut[339][230,50]
color[339.2][160,149,127,255]
merge[339.3][339.2]
merge[339.0][339.1]
merge[341][340]
cut[342][240,40]
color[342.2][136,128,114,255]
merge[342.3][342.2]
merge[342.0][342.1]
merge[344][343]
cut[345][250,30]
color[345.2][74,81,89,255]
merge[345.3][345.2]
merge[345.0][345.1]
merge[347][346]
cut[348][260,20]
color[348.2][73,80,81,255]
merge[348.3][348.2]
merge[348.0][348.1]
merge[350][349]
cut[351][X][280]
color[351.1][58,68,76,255]
merge[351.0][351.1]
cut[352][30,260]
color[352.2][15,27,44,255]
merge[352.1][352.0]
merge[352.2][352.3]
merge[354][353]
cut[355][60,230]
color[355.2][15,24,35,255]
merge[355.1][355.0]
merge[355.2][355.3]
merge[357][356]
cut[358][80,210]
color[358.2][16,26,38,255]
merge[358.1][358.0]
merge[358.2][358.3]
merge[360][359]
cut[361][100,190]
color[361.2][17,29,44,255]
merge[361.1][361.0]
merge[361.2][361.3]
merge[363][362]
cut[364][110,180]
color[364.2][30,37,49,255]
merge[364.1][364.0]
merge[364.2][364.3]
merge[366][365]
cut[367][120,170]
color[367.2][152,140,147,255]
merge[367.1][367.0]
merge[367.2][367.3]
merge[369][368]
cut[370][130,160]
color[370.2][198,160,171,255]
merge[370.1][370.0]
merge[370.2][370.3]
merge[372][371]
cut[373][140,150]
color[373.2][188,162,176,255]
merge[373.1][373.0]
merge[373.2][373.3]
merge[375][374]
cut[376][160,130]
color[376.2][134,126,134,255]
merge[376.3][376.0]
merge[376.2][376.1]
merge[378][377]
cut[379][170,120]
color[379.2][41,45,56,255]
merge[379.3][379.0]
merge[379.2][379.1]
merge[381][380]
cut[382][180,110]
color[382.2][18,23,33,255]
merge[382.3][382.0]
merge[382.2][382.1]
merge[384][383]
cut[385][190,100]
color[385.2][205,211,212,255]
merge[385.3][385.0]
merge[385.2][385.1]
merge[387][386]
cut[388][200,90]
color[388.2][200,184,164,255]
merge[388.3][388.2]
merge[388.0][388.1]
merge[390][389]
cut[391][220,70]
color[391.2][164,151,127,255]
merge[391.3][391.2]
merge[391.0][391.1]
merge[393][392]
cut[394][230,60]
color[394.2][122,126,119,255]
merge[394.3][394.2]
merge[394.0][394.1]
merge[396][395]
cut[397][240,50]
color[397.2][118,116,106,255]
merge[397.3][397.2]
merge[397.0][397.1]
merge[399][398]
cut[400][110,190]
color[400.2][53,59,70,255]
merge[400.1][400.0]
merge[400.2][400.3]
merge[402][401]
cut[403][120,180]
color[403.2][210,188,195,255]
merge[403.1][403.0]
merge[403.2][403.3]
merge[405][404]
cut[406][130,170]
color[406.2][181,139,150,255]
merge[406.1][406.0]
merge[406.2][406.3]
merge[408][407]
cut[409][140,160]
color[409.2][179,124,137,255]
merge[409.1][409.0]
merge[409.2][409.3]
merge[411][410]
cut[412][150,150]
color[412.2][146,107,120,255]
merge[412.3][412.0]
merge[412.2][412.1]
merge[414][413]
cut[415][160,140]
color[415.2][146,138,144,255]
merge[415.3][415.0]
merge[415.2][415.1]
merge[417][416]
cut[418][170,130]
color[418.2][124,114,119,255]
merge[418.3][418.0]
merge[418.2][418.1]
merge[420][419]
cut[421][180,120]
color[421.2][52,54,65,255]
merge[421.3][421.0]
merge[421.2][421.1]
merge[423][422]
cut[424][190,110]
color[424.2][146,145,149,255]
merge[424.3][424.0]
merge[424.2][424.1]
merge[426][425]
cut[427][200,100]
color[427.2][235,244,245,255]
merge[427.3][427.2]
merge[427.0][427.1]
merge[429][428]
cut[430][210,90]
color[430.2][184,160,129,255]
merge[430.3][430.2]
merge[430.0][430.1]
merge[432][431]
cut[433][230,70]
color[433.2][114,120,120,255]
merge[433.3][433.2]
merge[433.0][433.1]
merge[435][434]
cut[436][240,60]
color[436.2][67,85,97,255]
merge[436.3][436.2]
merge[436.0][436.1]
merge[438][437]
cut[439][250,50]
color[439.2][60,71,76,255]
merge[439.3][439.2]
merge[439.0][439.1]
merge[441][440]
cut[442][270,30]
color[442.2][85,84,78,255]
merge[442.3][442.2]
merge[442.0][442.1]
merge[444][443]
cut[445][280,20]
color[445.2][70,77,79,255]
merge[445.3][445.2]
merge[445.0][445.1]
merge[447][446]
cut[448][290,10]
color[448.2][68,75,76,255]
merge[448.3][448.2]
merge[448.0][448.1]
merge[450][449]
cut[451][90,220]
color[451.2][22,34,48,255]
merge[451.1][451.0]
merge[451.2][451.3]
merge[453][452]
cut[454][110,200]
color[454.2][89,91,102,255]
merge[454.1][454.0]
merge[454.2][454.3]
merge[456][455]
cut[457][120,190]
color[457.2][231,207,215,255]
merge[457.1][457.0]
merge[457.2][457.3]
merge[459][458]
cut[460][130,180]
color[460.2][216,192,203,255]
merge[460.1][460.0]
merge[460.2][460.3]
merge[462][461]
cut[463][140,170]
color[463.2][149,118,128,255]
merge[463.1][463.0]
merge[463.2][463.3]
merge[465][464]
cut[466][150,160]
color[466.2][149,96,106,255]
merge[466.1][466.0]
merge[466.2][466.3]
merge[468][467]
cut[469][170,140]
color[469.2][146,139,144,255]
merge[469.3][469.0]
merge[469.2][469.1]
merge[471][470]
cut[472][180,130]
color[472.2][110,103,110,255]
merge[472.3][472.0]
merge[472.2][472.1]
merge[474][473]
cut[475][190,120]
color[475.2][162,155,157,255]
merge[475.3][475.0]
merge[475.2][475.1]
merge[477][476]
cut[478][200,110]
color[478.2][216,218,221,255]
merge[478.3][478.2]
merge[478.0][478.1]
merge[480][479]
cut[481][210,100]
color[481.2][191,189,181,255]
merge[481.3][481.2]
merge[481.0][481.1]
merge[483][482]
cut[484][220,90]
color[484.2][175,156,131,255]
merge[484.3][484.2]
merge[484.0][484.1]
merge[486][485]
cut[487][250,60]
color[487.2][49,65,77,255]
merge[487.3][487.2]
merge[487.0][487.1]
merge[489][488]
cut[490][270,40]
color[490.2][71,76,76,255]
merge[490.3][490.2]
merge[490.0][490.1]
merge[492][491]
cut[493][70,250]
color[493.2][22,33,46,255]
merge[493.1][493.0]
merge[493.2][493.3]
merge[495][494]
cut[496][110,210]
color[496.2][111,107,119,255]
merge[496.1][496.0]
merge[496.2][496.3]
merge[498][497]
cut[499][130,190]
color[499.2][165,145,153,255]
merge[499.1][499.0]
merge[499.2][499.3]
merge[501][500]
cut[502][140,180]
color[502.2][136,123,129,255]
merge[502.1][502.0]
merge[502.2][502.3]
merge[504][503]
cut[505][150,170]
color[505.2][157,138,145,255]
merge[505.1][505.0]
merge[505.2][505.3]
merge[507][506]
cut[508][160,160]
color[508.2][162,135,144,255]
merge[508.3][508.0]
merge[508.2][508.1]
merge[510][509]
cut[511][170,150]
color[511.2][162,152,158,255]
merge[511.3][511.0]
merge[511.2][511.1]
merge[513][512]
cut[514][180,140]
color[514.2][137,130,135,255]
merge[514.3][514.0]
merge[514.2][514.1]
merge[516][515]
cut[517][190,130]
color[517.2][112,106,110,255]
merge[517.3][517.0]
merge[517.2][517.1]
merge[519][518]
cut[520][200,120]
color[520.2][149,139,138,255]
merge[520.3][520.2]
merge[520.0][520.1]
merge[522][521]
cut[523][210,110]
color[523.2][235,246,247,255]
merge[523.3][523.2]
merge[523.0][523.1]
merge[525][524]
cut[526][220,100]
color[526.2][178,173,161,255]
merge[526.3][526.2]
merge[526.0][526.1]
merge[528][527]
cut[529][230,90]
color[529.2][135,136,128,255]
merge[529.3][529.2]
merge[529.0][529.1]
merge[531][530]
cut[532][240,80]
color[532.2][76,89,101,255]
merge[532.3][532.2]
merge[532.0][532.1]
merge[534][533]
cut[535][270,50]
color[535.2][44,60,72,255]
merge[535.3][535.2]
merge[535.0][535.1]
merge[537][536]
cut[538][280,40]
color[538.2][52,64,73,255]
merge[538.3][538.2]
merge[538.0][538.1]
merge[540][539]
cut[541][30,300]
color[541.2][18,32,53,255]
merge[541.1][541.0]
merge[541.2][541.3]
merge[543][542]
cut[544][60,270]
color[544.2][18,29,44,255]
merge[544.1][544.0]
merge[544.2][544.3]
merge[546][545]
cut[547][120,210]
color[547.2][229,200,213,255]
merge[547.1][547.0]
merge[547.2][547.3]
merge[549][548]
cut[550][130,200]
color[550.2][195,174,181,255]
merge[550.1][550.0]
merge[550.2][550.3]
merge[552][551]
cut[553][140,190]
color[553.2][99,84,90,255]
merge[553.1][553.0]
merge[553.2][553.3]
merge[555][554]
cut[556][150,180]
color[556.2][141,129,135,255]
merge[556.1][556.0]
merge[556.2][556.3]
merge[558][557]
cut[559][160,170]
color[559.2][167,153,158,255]
merge[559.1][559.0]
merge[559.2][559.3]
merge[561][560]
cut[562][170,160]
color[562.2][171,158,164,255]
merge[562.3][562.0]
merge[562.2][562.1]
merge[564][563]
cut[565][190,140]
color[565.2][135,124,125,255]
merge[565.3][565.0]
merge[565.2][565.1]
merge[567][566]
cut[568][200,130]
color[568.2][120,114,118,255]
merge[568.3][568.2]
merge[568.0][568.1]
merge[570][569]
cut[571][210,120]
color[571.2][189,192,195,255]
merge[571.3][571.2]
merge[571.0][571.1]
merge[573][572]
cut[574][220,110]
color[574.2][232,243,243,255]
merge[574.3][574.2]
merge[574.0][574.1]
merge[576][575]
cut[577][250,80]
color[577.2][60,74,86,255]
merge[577.3][577.2]
merge[577.0][577.1]
merge[579][578]
cut[580][280,50]
color[580.2][42,59,71,255]
merge[580.3][580.2]
merge[580.0][580.1]
merge[582][581]
cut[583][300,30]
color[583.2][48,60,72,255]
merge[583.3][583.2]
merge[583.0][583.1]
merge[585][584]
cut[586][310,20]
color[586.2][40,52,68,255]
merge[586.3][586.2]
merge[586.0][586.1]
merge[588][587]
cut[589][320,10]
color[589.2][46,65,85,255]
merge[589.3][589.2]
merge[589.0][589.1]
merge[591][590]
cut[592][X][330]
color[592.1][27,40,59,255]
merge[592.0][592.1]
cut[593][110,230]
color[593.2][84,85,97,255]
merge[593.1][593.0]
merge[593.2][593.3]
merge[595][594]
cut[596][130,210]
color[596.2][221,196,207,255]
merge[596.1][596.0]
merge[596.2][596.3]
merge[598][597]
cut[599][140,200]
color[599.2][138,121,123,255]
merge[599.1][599.0]
merge[599.2][599.3]
merge[601][600]
cut[602][150,190]
color[602.2][105,93,99,255]
merge[602.1][602.0]
merge[602.2][602.3]
merge[604][603]
cut[605][160,180]
color[605.2][179,160,162,255]
merge[605.1][605.0]
merge[605.2][605.3]
merge[607][606]
cut[608][170,170]
color[608.2][179,165,167,255]
merge[608.3][608.0]
merge[608.2][608.1]
merge[610][609]
cut[611][180,160]
color[611.2][149,138,142,255]
merge[611.3][611.0]
merge[611.2][611.1]
merge[613][612]
cut[614][200,140]
color[614.2][138,128,129,255]
merge[614.3][614.2]
merge[614.0][614.1]
merge[616][615]
cut[617][210,130]
color[617.2][110,106,112,255]
merge[617.3][617.2]
merge[617.0][617.1]
merge[619][618]
cut[620][220,120]
color[620.2][197,202,203,255]
merge[620.3][620.2]
merge[620.0][620.1]
merge[622][621]
cut[623][230,110]
color[623.2][167,172,172,255]
merge[623.3][623.2]
merge[623.0][623.1]
merge[625][624]
cut[626][250,90]
color[626.2][65,81,93,255]
merge[626.3][626.2]
merge[626.0][626.1]
merge[628][627]
cut[629][260,80]
color[629.2][39,54,70,255]
merge[629.3][629.2]
merge[629.0][629.1]
merge[631][630]
cut[632][300,40]
color[632.2][36,52,68,255]
merge[632.3][632.2]
merge[632.0][632.1]
merge[634][633]
cut[635][310,30]
color[635.2][28,38,62,255]
merge[635.3][635.2]
merge[635.0][635.1]
merge[637][636]
cut[638][320,20]
color[638.2][57,84,116,255]
merge[638.3][638.2]
merge[638.0][638.1]
merge[640][639]
cut[641][330,10]
color[641.2][42,62,88,255]
merge[641.3][641.2]
merge[641.0][641.1]
merge[643][642]
cut[644][X][340]
color[644.1][6,17,41,255]
merge[644.0][644.1]
cut[645][110,240]
color[645.2][42,47,61,255]
merge[645.1][645.0]
merge[645.2][645.3]
merge[647][646]
cut[648][120,230]
color[648.2][205,189,194,255]
merge[648.1][648.0]
merge[648.2][648.3]
merge[650][649]
cut[651][130,220]
color[651.2][227,205,215,255]
merge[651.1][651.0]
merge[651.2][651.3]
merge[653][652]
cut[654][140,210]
color[654.2][163,146,152,255]
merge[654.1][654.0]
merge[654.2][654.3]
merge[656][655]
cut[657][150,200]
color[657.2][128,112,118,255]
merge[657.1][657.0]
merge[657.2][657.3]
merge[659][658]
cut[660][170,180]
color[660.2][197,178,179,255]
merge[660.1][660.0]
merge[660.2][660.3]
merge[662][661]
cut[663][180,170]
color[663.2][164,152,155,255]
merge[663.3][663.0]
merge[663.2][663.1]
merge[665][664]
cut[666][190,160]
color[666.2][127,118,123,255]
merge[666.3][666.0]
merge[666.2][666.1]
merge[668][667]
cut[669][200,150]
color[669.2][127,115,119,255]
merge[669.3][669.2]
merge[669.0][669.1]
merge[671][670]
cut[672][210,140]
color[672.2][120,115,119,255]
merge[672.3][672.2]
merge[672.0][672.1]
merge[674][673]
cut[675][220,130]
color[675.2][105,101,107,255]
merge[675.3][675.2]
merge[675.0][675.1]
merge[677][676]
cut[678][230,120]
color[678.2][224,234,237,255]
merge[678.3][678.2]
merge[678.0][678.1]
merge[680][679]
cut[681][240,110]
color[681.2][127,139,150,255]
merge[681.3][681.2]
merge[681.0][681.1]
merge[683][682]
cut[684][260,90]
color[684.2][45,61,74,255]
merge[684.3][684.2]
merge[684.0][684.1]
merge[686][685]
cut[687][320,30]
color[687.2][62,91,124,255]
merge[687.3][687.2]
merge[687.0][687.1]
merge[689][688]
cut[690][330,20]
color[690.2][106,146,180,255]
merge[690.3][690.2]
merge[690.0][690.1]
merge[692][691]
cut[693][340,10]
color[693.2][36,56,84,255]
merge[693.3][693.2]
merge[693.0][693.1]
merge[695][694]
cut[696][110,250]
color[696.2][53,56,63,255]
merge[696.1][696.0]
merge[696.2][696.3]
merge[698][697]
cut[699][120,240]
color[699.2][156,153,163,255]
merge[699.1][699.0]
merge[699.2][699.3]
merge[701][700]
cut[702][130,230]
color[702.2][179,163,170,255]
merge[702.1][702.0]
merge[702.2][702.3]
merge[704][703]
cut[705][140,220]
color[705.2][190,174,180,255]
merge[705.1][705.0]
merge[705.2][705.3]
merge[707][706]
cut[708][150,210]
color[708.2][147,133,136,255]
merge[708.1][708.0]
merge[708.2][708.3]
merge[710][709]
cut[711][160,200]
color[711.2][203,179,180,255]
merge[711.1][711.0]
merge[711.2][711.3]
merge[713][712]
cut[714][170,190]
color[714.2][205,185,184,255]
merge[714.1][714.0]
merge[714.2][714.3]
merge[716][715]
cut[717][180,180]
color[717.2][181,167,166,255]
merge[717.3][717.0]
merge[717.2][717.1]
merge[719][718]
cut[720][190,170]
color[720.2][137,126,130,255]
merge[720.3][720.0]
merge[720.2][720.1]
merge[722][721]
cut[723][200,160]
color[723.2][113,106,116,255]
merge[723.3][723.2]
merge[723.0][723.1]
merge[725][724]
cut[726][210,150]
color[726.2][132,120,121,255]
merge[726.3][726.2]
merge[726.0][726.1]
merge[728][727]
cut[729][230,130]
color[729.2][110,109,119,255]
merge[729.3][729.2]
merge[729.0][729.1]
merge[731][730]
cut[732][240,120]
color[732.2][236,245,248,255]
merge[732.3][732.2]
merge[732.0][732.1]
merge[734][733]
cut[735][250,110]
color[735.2][79,90,99,255]
merge[735.3][735.2]
merge[735.0][735.1]
merge[737][736]
cut[738][260,100]
color[738.2][52,69,81,255]
merge[738.3][738.2]
merge[738.0][738.1]
merge[740][739]
cut[741][290,70]
color[741.2][50,66,75,255]
merge[741.3][741.2]
merge[741.0][741.1]
merge[743][742]
cut[744][330,30]
color[744.2][113,155,188,255]
merge[744.3][744.2]
merge[744.0][744.1]
merge[746][745]
cut[747][340,20]
color[747.2][110,149,182,255]
merge[747.3][747.2]
merge[747.0][747.1]
merge[749][748]
cut[750][350,10]
color[750.2][25,45,78,255]
merge[750.3][750.2]
merge[750.0][750.1]
merge[752][751]
cut[753][110,260]
color[753.2][69,73,84,255]
merge[753.1][753.0]
merge[753.2][753.3]
merge[755][754]
cut[756][120,250]
color[756.2][137,129,138,255]
merge[756.1][756.0]
merge[756.2][756.3]
merge[758][757]
cut[759][130,240]
color[759.2][114,112,128,255]
merge[759.1][759.0]
merge[759.2][759.3]
merge[761][760]
cut[762][140,230]
color[762.2][207,192,198,255]
merge[762.1][762.0]
merge[762.2][762.3]
merge[764][763]
cut[765][150,220]
color[765.2][154,140,143,255]
merge[765.1][765.0]
merge[765.2][765.3]
merge[767][766]
cut[768][180,190]
color[768.2][193,177,175,255]
merge[768.1][768.0]
merge[768.2][768.3]
merge[770][769]
cut[771][190,180]
color[771.2][157,143,143,255]
merge[771.3][771.0]
merge[771.2][771.1]
merge[773][772]
cut[774][210,160]
color[774.2][119,108,115,255]
merge[774.3][774.2]
merge[774.0][774.1]
merge[776][775]
cut[777][220,150]
color[777.2][123,116,118,255]
merge[777.3][777.2]
merge[777.0][777.1]
merge[779][778]
cut[780][230,140]
color[780.2][89,86,93,255]
merge[780.3][780.2]
merge[780.0][780.1]
merge[782][781]
cut[783][240,130]
color[783.2][164,169,177,255]
merge[783.3][783.2]
merge[783.0][783.1]
merge[785][784]
cut[786][250,120]
color[786.2][186,193,199,255]
merge[786.3][786.2]
merge[786.0][786.1]
merge[788][787]
cut[789][320,50]
color[789.2][77,96,117,255]
merge[789.3][789.2]
merge[789.0][789.1]
merge[791][790]
cut[792][330,40]
color[792.2][140,179,201,255]
merge[792.3][792.2]
merge[792.0][792.1]
merge[794][793]
cut[795][340,30]
color[795.2][130,168,193,255]
merge[795.3][795.2]
merge[795.0][795.1]
merge[797][796]
cut[798][350,20]
color[798.2][88,119,150,255]
merge[798.3][798.2]
merge[798.0][798.1]
merge[800][799]
cut[801][360,10]
color[801.2][10,23,53,255]
merge[801.3][801.2]
merge[801.0][801.1]
merge[803][802]
cut[804][110,270]
color[804.2][30,38,56,255]
merge[804.1][804.0]
merge[804.2][804.3]
merge[806][805]
cut[807][120,260]
color[807.2][205,192,192,255]
merge[807.1][807.0]
merge[807.2][807.3]
merge[809][808]
cut[810][130,250]
color[810.2][180,171,179,255]
merge[810.1][810.0]
merge[810.2][810.3]
merge[812][811]
cut[813][140,240]
color[813.2][218,202,208,255]
merge[813.1][813.0]
merge[813.2][813.3]
merge[815][814]
cut[816][160,220]
color[816.2][210,185,184,255]
merge[816.1][816.0]
merge[816.2][816.3]
merge[818][817]
cut[819][180,200]
color[819.2][207,186,190,255]
merge[819.1][819.0]
merge[819.2][819.3]
merge[821][820]
cut[822][190,190]
color[822.2][164,150,154,255]
merge[822.3][822.0]
merge[822.2][822.1]
merge[824][823]
cut[825][200,180]
color[825.2][114,107,117,255]
merge[825.3][825.2]
merge[825.0][825.1]
merge[827][826]
cut[828][210,170]
color[828.2][102,95,107,255]
merge[828.3][828.2]
merge[828.0][828.1]
merge[830][829]
cut[831][220,160]
color[831.2][116,107,113,255]
merge[831.3][831.2]
merge[831.0][831.1]
merge[833][832]
cut[834][240,140]
color[834.2][87,84,94,255]
merge[834.3][834.2]
merge[834.0][834.1]
merge[836][835]
cut[837][250,130]
color[837.2][181,182,189,255]
merge[837.3][837.2]
merge[837.0][837.1]
merge[839][838]
cut[840][260,120]
color[840.2][120,132,138,255]
merge[840.3][840.2]
merge[840.0][840.1]
merge[842][841]
cut[843][290,90]
color[843.2][42,57,69,255]
merge[843.3][843.2]
merge[843.0][843.1]
merge[845][844]
cut[846][310,70]
color[846.2][39,53,69,255]
merge[846.3][846.2]
merge[846.0][846.1]
merge[848][847]
cut[849][320,60]
color[849.2][100,102,106,255]
merge[849.3][849.2]
merge[849.0][849.1]
merge[851][850]
cut[852][330,50]
color[852.2][157,182,194,255]
merge[852.3][852.2]
merge[852.0][852.1]
merge[854][853]
cut[855][340,40]
color[855.2][159,191,203,255]
merge[855.3][855.2]
merge[855.0][855.1]
merge[857][856]
cut[858][350,30]
color[858.2][99,134,162,255]
merge[858.3][858.2]
merge[858.0][858.1]
merge[860][859]
cut[861][360,20]
color[861.2][22,43,78,255]
merge[861.3][861.2]
merge[861.0][861.1]
merge[863][862]
cut[864][Y][390]
color[864.1][8,20,38,255]
merge[864.0][864.1]
cut[865][10,380]
color[865.2][12,23,40,255]
merge[865.1][865.0]
merge[865.2][865.3]
merge[867][866]
cut[868][30,360]
color[868.2][12,25,44,255]
merge[868.1][868.0]
merge[868.2][868.3]
merge[870][869]
cut[871][110,280]
color[871.2][20,28,47,255]
merge[871.1][871.0]
merge[871.2][871.3]
merge[873][872]
cut[874][130,260]
color[874.2][223,208,210,255]
merge[874.1][874.0]
merge[874.2][874.3]
merge[876][875]
cut[877][140,250]
color[877.2][225,209,210,255]
merge[877.1][877.0]
merge[877.2][877.3]
merge[879][878]
cut[880][150,240]
color[880.2][157,148,149,255]
merge[880.1][880.0]
merge[880.2][880.3]
merge[882][881]
cut[883][160,230]
color[883.2][201,179,179,255]
merge[883.1][883.0]
merge[883.2][883.3]
merge[885][884]
cut[886][170,220]
color[886.2][196,179,180,255]
merge[886.1][886.0]
merge[886.2][886.3]
merge[888][887]
cut[889][180,210]
color[889.2][196,173,182,255]
merge[889.1][889.0]
merge[889.2][889.3]
merge[891][890]
cut[892][190,200]
color[892.2][185,169,172,255]
merge[892.1][892.0]
merge[892.2][892.3]
merge[894][893]
cut[895][200,190]
color[895.2][129,119,126,255]
merge[895.3][895.2]
merge[895.0][895.1]
merge[897][896]
cut[898][210,180]
color[898.2][90,82,96,255]
merge[898.3][898.2]
merge[898.0][898.1]
merge[900][899]
cut[901][220,170]
color[901.2][97,90,97,255]
merge[901.3][901.2]
merge[901.0][901.1]
merge[903][902]
cut[904][230,160]
color[904.2][95,92,100,255]
merge[904.3][904.2]
merge[904.0][904.1]
merge[906][905]
cut[907][240,150]
color[907.2][96,96,106,255]
merge[907.3][907.2]
merge[907.0][907.1]
merge[909][908]
cut[910][250,140]
color[910.2][79,76,92,255]
merge[910.3][910.2]
merge[910.0][910.1]
merge[912][911]
cut[913][260,130]
color[913.2][185,195,207,255]
merge[913.3][913.2]
merge[913.0][913.1]
merge[915][914]
cut[916][270,120]
color[916.2][97,111,117,255]
merge[916.3][916.2]
merge[916.0][916.1]
merge[918][917]
cut[919][320,70]
color[919.2][118,117,117,255]
merge[919.3][919.2]
merge[919.0][919.1]
merge[921][920]
cut[922][330,60]
color[922.2][199,193,179,255]
merge[922.3][922.2]
merge[922.0][922.1]
merge[924][923]
cut[925][340,50]
color[925.2][171,199,206,255]
merge[925.3][925.2]
merge[925.0][925.1]
merge[927][926]
cut[928][350,40]
color[928.2][106,144,172,255]
merge[928.3][928.2]
merge[928.0][928.1]
merge[930][929]
cut[931][360,30]
color[931.2][27,51,87,255]
merge[931.3][931.2]
merge[931.0][931.1]
merge[933][932]
cut[934][370,20]
color[934.2][9,23,51,255]
merge[934.3][934.2]
merge[934.0][934.1]
merge[936][935]
cut[937][X][390]
color[937.1][15,14,20,255]
merge[937.0][937.1]
