color[0][8,14,25,255]
cut[0][16,16]
color[0.2][5,10,18,255]
merge[0.3][0.0]
merge[0.2][0.1]
merge[2][1]
cut[3][Y][48]
color[3.1][6,11,20,255]
merge[3.0][3.1]
cut[4][32,16]
color[4.2][10,16,26,255]
merge[4.3][4.0]
merge[4.2][4.1]
merge[6][5]
cut[7][X][64]
color[7.1][8,12,17,255]
merge[7.0][7.1]
cut[8][Y][80]
color[8.1][7,15,27,255]
merge[8.0][8.1]
cut[9][32,48]
color[9.2][12,20,32,255]
merge[9.1][9.0]
merge[9.2][9.3]
merge[11][10]
cut[12][Y][96]
color[12.1][12,22,36,255]
merge[12.0][12.1]
cut[13][16,80]
color[13.2][7,14,21,255]
merge[13.1][13.0]
merge[13.2][13.3]
merge[15][14]
cut[16][64,32]
color[16.2][10,17,24,255]
merge[16.3][16.0]
merge[16.2][16.1]
merge[18][17]
cut[19][Y][112]
color[19.1][15,27,43,255]
merge[19.0][19.1]
cut[20][16,96]
color[20.2][11,20,32,255]
merge[20.1][20.0]
merge[20.2][20.3]
merge[22][21]
cut[23][32,80]
color[23.2][13,21,34,255]
merge[23.1][23.0]
merge[23.2][23.3]
merge[25][24]
cut[26][64,48]
color[26.2][14,23,33,255]
merge[26.3][26.0]
merge[26.2][26.1]
merge[28][27]
cut[29][80,32]
color[29.2][9,14,19,255]
merge[29.3][29.0]
merge[29.2][29.1]
merge[31][30]
cut[32][X][112]
color[32.1][10,17,21,255]
merge[32.0][32.1]
cut[33][16,112]
color[33.2][13,24,37,255]
merge[33.1][33.0]
merge[33.2][33.3]
merge[35][34]
cut[36][48,80]
color[36.2][10,19,27,255]
merge[36.1][36.0]
merge[36.2][36.3]
merge[38][37]
cut[39][80,48]
color[39.2][10,18,24,255]
merge[39.3][39.0]
merge[39.2][39.1]
merge[41][40]
cut[42][X][128]
color[42.1][9,13,16,255]
merge[42.0][42.1]
cut[43][Y][144]
color[43.1][13,23,36,255]
merge[43.0][43.1]
cut[44][32,112]
color[44.2][17,28,41,255]
merge[44.1][44.0]
merge[44.2][44.3]
merge[46][45]
cut[47][48,96]
color[47.2][15,25,40,255]
merge[47.1][47.0]
merge[47.2][47.3]
merge[49][48]
cut[50][64,80]
color[50.2][12,21,33,255]
merge[50.1][50.0]
merge[50.2][50.3]
merge[52][51]
cut[53][X][144]
color[53.1][80,78,76,255]
merge[53.0][53.1]
cut[54][Y][160]
color[54.1][11,20,29,255]
merge[54.0][54.1]
cut[55][16,144]
color[55.2][12,19,29,255]
merge[55.1][55.0]
merge[55.2][55.3]
merge[57][56]
cut[58][112,48]
color[58.2][9,14,19,255]
merge[58.3][58.0]
merge[58.2][58.1]
merge[60][59]
cut[61][144,16]
color[61.2][43,46,50,255]
merge[61.3][61.0]
merge[61.2][61.1]
merge[63][62]
cut[64][X][160]
color[64.1][159,153,143,255]
merge[64.0][64.1]
cut[65][Y][176]
color[65.1][6,13,19,255]
merge[65.0][65.1]
cut[66][32,144]
color[66.2][16,25,36,255]
merge[66.1][66.0]
merge[66.2][66.3]
merge[68][67]
cut[69][48,128]
color[69.2][14,24,34,255]
merge[69.1][69.0]
merge[69.2][69.3]
merge[71][70]
cut[72][144,32]
color[72.2][30,32,36,255]
merge[72.3][72.0]
merge[72.2][72.1]
merge[74][73]
cut[75][160,16]
color[75.2][142,145,142,255]
merge[75.3][75.0]
merge[75.2][75.1]
merge[77][76]
cut[78][X][176]
color[78.1][197,167,133,255]
merge[78.0][78.1]
cut[79][Y][192]
color[79.1][9,17,25,255]
merge[79.0][79.1]
cut[80][16,176]
color[80.2][10,18,24,255]
merge[80.1][80.0]
merge[80.2][80.3]
merge[82][81]
cut[83][112,80]
color[83.2][10,18,25,255]
merge[83.3][83.0]
merge[83.2][83.1]
merge[85][84]
cut[86][128,64]
color[86.2][11,17,24,255]
merge[86.3][86.0]
merge[86.2][86.1]
merge[88][87]
cut[89][144,48]
color[89.2][10,17,26,255]
merge[89.3][89.0]
merge[89.2][89.1]
merge[91][90]
cut[92][160,32]
color[92.2][126,127,126,255]
merge[92.3][92.0]
merge[92.2][92.1]
merge[94][93]
cut[95][176,16]
color[95.2][168,156,138,255]
merge[95.3][95.0]
merge[95.2][95.1]
merge[97][96]
cut[98][X][192]
color[98.1][175,156,134,255]
merge[98.0][98.1]
cut[99][Y][208]
color[99.1][10,20,32,255]
merge[99.0][99.1]
cut[100][16,192]
color[100.2][11,20,31,255]
merge[100.1][100.0]
merge[100.2][100.3]
merge[102][101]
cut[103][32,176]
color[103.2][16,26,35,255]
merge[103.1][103.0]
merge[103.2][103.3]
merge[105][104]
cut[106][128,80]
color[106.2][14,22,34,255]
merge[106.3][106.0]
merge[106.2][106.1]
merge[108][107]
cut[109][160,48]
color[109.2][83,85,85,255]
merge[109.3][109.0]
merge[109.2][109.1]
merge[111][110]
cut[112][176,32]
color[112.2][144,142,135,255]
merge[112.3][112.0]
merge[112.2][112.1]
merge[114][113]
cut[115][X][208]
color[115.1][132,133,127,255]
merge[115.0][115.1]
cut[116][Y][224]
color[116.1][14,25,39,255]
merge[116.0][116.1]
cut[117][16,208]
color[117.2][13,24,37,255]
merge[117.1][117.0]
merge[117.2][117.3]
merge[119][118]
cut[120][80,144]
color[120.2][12,21,29,255]
merge[120.1][120.0]
merge[120.2][120.3]
merge[122][121]
cut[123][112,112]
color[123.2][17,28,43,255]
merge[123.3][123.0]
merge[123.2][123.1]
merge[125][124]
cut[126][128,96]
color[126.2][16,26,40,255]
merge[126.3][126.0]
merge[126.2][126.1]
merge[128][127]
cut[129][160,64]
color[129.2][37,43,51,255]
merge[129.3][129.0]
merge[129.2][129.1]
merge[131][130]
cut[132][176,48]
color[132.2][154,142,124,255]
merge[132.3][132.0]
merge[132.2][132.1]
merge[134][133]
cut[135][192,32]
color[135.2][158,150,133,255]
merge[135.3][135.0]
merge[135.2][135.1]
merge[137][136]
cut[138][208,16]
color[138.2][154,148,133,255]
merge[138.3][138.2]
merge[138.0][138.1]
merge[140][139]
cut[141][Y][240]
color[141.1][12,23,34,255]
merge[141.0][141.1]
cut[142][32,208]
color[142.2][17,29,44,255]
merge[142.1][142.0]
merge[142.2][142.3]
merge[144][143]
cut[145][64,176]
color[145.2][12,22,29,255]
merge[145.1][145.0]
merge[145.2][145.3]
merge[147][146]
cut[148][96,144]
color[148.2][18,28,42,255]
merge[148.1][148.0]
merge[148.2][148.3]
merge[150][149]
cut[151][112,128]
color[151.2][20,32,48,255]
merge[151.1][151.0]
merge[151.2][151.3]
merge[153][152]
cut[154][128,112]
color[154.2][19,29,44,255]
merge[154.3][154.0]
merge[154.2][154.1]
merge[156][155]
cut[157][160,80]
color[157.2][14,23,40,255]
merge[157.3][157.0]
merge[157.2][157.1]
merge[159][158]
cut[160][176,64]
color[160.2][171,163,149,255]
merge[160.3][160.0]
merge[160.2][160.1]
merge[162][161]
cut[163][208,32]
color[163.2][177,158,131,255]
merge[163.3][163.2]
merge[163.0][163.1]
merge[165][164]
cut[166][X][240]
color[166.1][139,134,121,255]
merge[166.0][166.1]
cut[167][48,208]
color[167.2][13,22,33,255]
merge[167.1][167.0]
merge[167.2][167.3]
merge[169][168]
cut[170][128,128]
color[170.2][60,64,76,255]
merge[170.3][170.0]
merge[170.2][170.1]
merge[172][171]
cut[173][144,112]
color[173.2][25,32,45,255]
merge[173.3][173.0]
merge[173.2][173.1]
merge[175][174]
cut[176][176,80]
color[176.2][175,182,186,255]
merge[176.3][176.0]
merge[176.2][176.1]
merge[178][177]
cut[179][192,64]
color[179.2][185,160,127,255]
merge[179.3][179.0]
merge[179.2][179.1]
merge[181][180]
cut[182][X][256]
color[182.1][93,97,96,255]
merge[182.0][182.1]
cut[183][Y][272]
color[183.1][15,28,47,255]
merge[183.0][183.1]
cut[184][32,240]
color[184.2][13,24,38,255]
merge[184.1][184.0]
merge[184.2][184.3]
merge[186][185]
cut[187][112,160]
color[187.2][47,54,64,255]
merge[187.1][187.0]
merge[187.2][187.3]
merge[189][188]
cut[190][128,144]
color[190.2][170,153,161,255]
merge[190.1][190.0]
merge[190.2][190.3]
merge[192][191]
cut[193][144,128]
color[193.2][115,110,119,255]
merge[193.3][193.0]
merge[193.2][193.1]
merge[195][194]
cut[196][160,112]
color[196.2][32,38,50,255]
merge[196.3][196.0]
merge[196.2][196.1]
merge[198][197]
cut[199][176,96]
color[199.2][85,92,101,255]
merge[199.3][199.0]
merge[199.2][199.1]
merge[201][200]
cut[202][192,80]
color[202.2][187,173,152,255]
merge[202.3][202.0]
merge[202.2][202.1]
merge[204][203]
cut[205][224,48]
color[205.2][166,152,126,255]
merge[205.3][205.2]
merge[205.0][205.1]
merge[207][206]
cut[208][240,32]
color[208.2][118,115,106,255]
merge[208.3][208.2]
merge[208.0][208.1]
merge[210][209]
cut[211][256,16]
color[211.2][81,85,84,255]
merge[211.3][211.2]
merge[211.0][211.1]
merge[213][212]
cut[214][X][272]
color[214.1][61,71,78,255]
merge[214.0][214.1]
cut[215][80,208]
color[215.2][17,28,40,255]
merge[215.1][215.0]
merge[215.2][215.3]
merge[217][216]
cut[218][112,176]
color[218.2][110,106,114,255]
merge[218.1][218.0]
merge[218.2][218.3]
merge[220][219]
cut[221][128,160]
color[221.2][202,168,178,255]
merge[221.1][221.0]
merge[221.2][221.3]
merge[223][222]
cut[224][144,144]
color[224.2][184,157,165,255]
merge[224.3][224.0]
merge[224.2][224.1]
merge[226][225]
cut[227][160,128]
color[227.2][113,108,117,255]
merge[227.3][227.0]
merge[227.2][227.1]
merge[229][228]
cut[230][176,112]
color[230.2][35,40,50,255]
merge[230.3][230.0]
merge[230.2][230.1]
merge[232][231]
cut[233][192,96]
color[233.2][208,215,216,255]
merge[233.3][233.0]
merge[233.2][233.1]
merge[235][234]
cut[236][208,80]
color[236.2][185,160,126,255]
merge[236.3][236.2]
merge[236.0][236.1]
merge[238][237]
cut[239][224,64]
color[239.2][138,136,123,255]
merge[239.3][239.2]
merge[239.0][239.1]
merge[241][240]
cut[242][240,48]
color[242.2][99,102,96,255]
merge[242.3][242.2]
merge[242.0][242.1]
merge[244][243]
cut[245][256,32]
color[245.2][76,80,78,255]
merge[245.3][245.2]
merge[245.0][245.1]
merge[247][246]
cut[248][272,16]
color[248.2][68,76,81,255]
merge[248.3][248.2]
merge[248.0][248.1]
merge[250][249]
cut[251][X][288]
color[251.1][58,67,74,255]
merge[251.0][251.1]
cut[252][16,288]
color[252.2][19,32,49,255]
merge[252.1][252.0]
merge[252.2][252.3]
merge[254][253]
cut[255][32,272]
color[255.2][17,29,47,255]
merge[255.1][255.0]
merge[255.2][255.3]
merge[257][256]
cut[258][80,224]
color[258.2][20,31,44,255]
merge[258.1][258.0]
merge[258.2][258.3]
merge[260][259]
cut[261][96,208]
color[261.2][20,33,48,255]
merge[261.1][261.0]
merge[261.2][261.3]
merge[263][262]
cut[264][112,192]
color[264.2][155,143,152,255]
merge[264.1][264.0]
merge[264.2][264.3]
merge[266][265]
cut[267][128,176]
color[267.2][186,156,162,255]
merge[267.1][267.0]
merge[267.2][267.3]
merge[269][268]
cut[270][144,160]
color[270.2][163,115,125,255]
merge[270.1][270.0]
merge[270.2][270.3]
merge[272][271]
cut[273][160,144]
color[273.2][153,140,145,255]
merge[273.3][273.0]
merge[273.2][273.1]
merge[275][274]
cut[276][176,128]
color[276.2][101,98,107,255]
merge[276.3][276.0]
merge[276.2][276.1]
merge[278][277]
cut[279][192,112]
color[279.2][168,168,172,255]
merge[279.3][279.0]
merge[279.2][279.1]
merge[281][280]
cut[282][208,96]
color[282.2][199,188,169,255]
merge[282.3][282.2]
merge[282.0][282.1]
merge[284][283]
cut[285][224,80]
color[285.2][131,130,124,255]
merge[285.3][285.2]
merge[285.0][285.1]
merge[287][286]
cut[288][240,64]
color[288.2][66,83,95,255]
merge[288.3][288.2]
merge[288.0][288.1]
merge[290][289]
cut[291][256,48]
color[291.2][58,71,75,255]
merge[291.3][291.2]
merge[291.0][291.1]
merge[293][292]
cut[294][288,16]
color[294.2][67,73,75,255]
merge[294.3][294.2]
merge[294.0][294.1]
merge[296][295]
cut[297][X][304]
color[297.1][67,72,78,255]
merge[297.0][297.1]
cut[298][64,256]
color[298.2][19,30,44,255]
merge[298.1][298.0]
merge[298.2][298.3]
merge[300][299]
cut[301][112,208]
color[301.2][179,162,174,255]
merge[301.1][301.0]
merge[301.2][301.3]
merge[303][302]
cut[304][128,192]
color[304.2][154,134,142,255]
merge[304.1][304.0]
merge[304.2][304.3]
merge[306][305]
cut[307][144,176]
color[307.2][139,125,131,255]
merge[307.1][307.0]
merge[307.2][307.3]
merge[309][308]
cut[310][160,160]
color[310.2][173,150,157,255]
merge[310.3][310.0]
merge[310.2][310.1]
merge[312][311]
cut[313][176,144]
color[313.2][142,135,140,255]
merge[313.3][313.0]
merge[313.2][313.1]
merge[315][314]
cut[316][192,128]
color[316.2][127,119,119,255]
merge[316.3][316.0]
merge[316.2][316.1]
merge[318][317]
cut[319][208,112]
color[319.2][200,205,206,255]
merge[319.3][319.2]
merge[319.0][319.1]
merge[321][320]
cut[322][224,96]
color[322.2][158,155,145,255]
merge[322.3][322.2]
merge[322.0][322.1]
merge[324][323]
cut[325][240,80]
color[325.2][73,86,98,255]
merge[325.3][325.2]
merge[325.0][325.1]
merge[327][326]
cut[328][256,64]
color[328.2][44,59,73,255]
merge[328.3][328.2]
merge[328.0][328.1]
merge[330][329]
cut[331][272,48]
color[331.2][44,59,71,255]
merge[331.3][331.2]
merge[331.0][331.1]
merge[333][332]
cut[334][288,32]
color[334.2][59,68,76,255]
merge[334.3][334.2]
merge[334.0][334.1]
merge[336][335]
cut[337][304,16]
color[337.2][55,61,72,255]
merge[337.3][337.2]
merge[337.0][337.1]
merge[339][338]
cut[340][X][320]
color[340.1][48,59,74,255]
merge[340.0][340.1]
cut[341][32,304]
color[341.2][19,32,53,255]
merge[341.1][341.0]
merge[341.2][341.3]
merge[343][342]
cut[344][112,224]
color[344.2][163,152,164,255]
merge[344.1][344.0]
merge[344.2][344.3]
merge[346][345]
cut[347][128,208]
color[347.2][210,188,198,255]
merge[347.1][347.0]
merge[347.2][347.3]
merge[349][348]
cut[350][144,192]
color[350.2][114,99,104,255]
merge[350.1][350.0]
merge[350.2][350.3]
merge[352][351]
cut[353][160,176]
color[353.2][182,165,166,255]
merge[353.1][353.0]
merge[353.2][353.3]
merge[355][354]
cut[356][176,160]
color[356.2][155,143,147,255]
merge[356.3][356.0]
merge[356.2][356.1]
merge[358][357]
cut[359][192,144]
color[359.2][132,121,123,255]
merge[359.3][359.0]
merge[359.2][359.1]
merge[361][360]
cut[362][208,128]
color[362.2][121,115,116,255]
merge[362.3][362.2]
merge[362.0][362.1]
merge[364][363]
cut[365][224,112]
color[365.2][195,203,204,255]
merge[365.3][365.2]
merge[365.0][365.1]
merge[367][366]
cut[368][240,96]
color[368.2][77,92,103,255]
merge[368.3][368.2]
merge[368.0][368.1]
merge[370][369]
cut[371][288,48]
color[371.2][43,59,71,255]
merge[371.3][371.2]
merge[371.0][371.1]
merge[373][372]
cut[374][304,32]
color[374.2][32,44,64,255]
merge[374.3][374.2]
merge[374.0][374.1]
merge[376][375]
cut[377][320,16]
color[377.2][57,85,119,255]
merge[377.3][377.2]
merge[377.0][377.1]
merge[379][378]
cut[380][X][336]
color[380.1][8,21,48,255]
merge[380.0][380.1]
cut[381][112,240]
color[381.2][118,116,128,255]
merge[381.1][381.0]
merge[381.2][381.3]
merge[383][382]
cut[384][128,224]
color[384.2][202,184,196,255]
merge[384.1][384.0]
merge[384.2][384.3]
merge[386][385]
cut[387][144,208]
color[387.2][147,132,136,255]
merge[387.1][387.0]
merge[387.2][387.3]
merge[389][388]
cut[390][160,192]
color[390.2][193,171,171,255]
merge[390.1][390.0]
merge[390.2][390.3]
merge[392][391]
cut[393][176,176]
color[393.2][178,164,164,255]
merge[393.3][393.0]
merge[393.2][393.1]
merge[395][394]
cut[396][192,160]
color[396.2][122,113,121,255]
merge[396.3][396.0]
merge[396.2][396.1]
merge[398][397]
cut[399][208,144]
color[399.2][124,117,121,255]
merge[399.3][399.2]
merge[399.0][399.1]
merge[401][400]
cut[402][224,128]
color[402.2][146,148,155,255]
merge[402.3][402.2]
merge[402.0][402.1]
merge[404][403]
cut[405][240,112]
color[405.2][135,145,153,255]
merge[405.3][405.2]
merge[405.0][405.1]
merge[407][406]
cut[408][256,96]
color[408.2][54,68,80,255]
merge[408.3][408.2]
merge[408.0][408.1]
merge[410][409]
cut[411][288,64]
color[411.2][47,63,73,255]
merge[411.3][411.2]
merge[411.0][411.1]
merge[413][412]
cut[414][320,32]
color[414.2][87,119,149,255]
merge[414.3][414.2]
merge[414.0][414.1]
merge[416][415]
cut[417][336,16]
color[417.2][60,88,121,255]
merge[417.3][417.2]
merge[417.0][417.1]
merge[419][418]
cut[420][16,352]
color[420.2][13,27,47,255]
merge[420.1][420.0]
merge[420.2][420.3]
merge[422][421]
cut[423][112,256]
color[423.2][123,118,125,255]
merge[423.1][423.0]
merge[423.2][423.3]
merge[425][424]
cut[426][128,240]
color[426.2][154,147,158,255]
merge[426.1][426.0]
merge[426.2][426.3]
merge[428][427]
cut[429][144,224]
color[429.2][165,151,153,255]
merge[429.1][429.0]
merge[429.2][429.3]
merge[431][430]
cut[432][160,208]
color[432.2][207,183,183,255]
merge[432.1][432.0]
merge[432.2][432.3]
merge[434][433]
cut[435][176,192]
color[435.2][198,179,179,255]
merge[435.1][435.0]
merge[435.2][435.3]
merge[437][436]
cut[438][192,176]
color[438.2][133,123,128,255]
merge[438.3][438.0]
merge[438.2][438.1]
merge[440][439]
cut[441][208,160]
color[441.2][115,106,113,255]
merge[441.3][441.2]
merge[441.0][441.1]
merge[443][442]
cut[444][224,144]
color[444.2][92,90,97,255]
merge[444.3][444.2]
merge[444.0][444.1]
merge[446][445]
cut[447][240,128]
color[447.2][188,195,202,255]
merge[447.3][447.2]
merge[447.0][447.1]
merge[449][448]
cut[450][256,112]
color[450.2][106,120,130,255]
merge[450.3][450.2]
merge[450.0][450.1]
merge[452][451]
cut[453][272,96]
color[453.2][47,64,74,255]
merge[453.3][453.2]
merge[453.0][453.1]
merge[455][454]
cut[456][304,64]
color[456.2][39,53,68,255]
merge[456.3][456.2]
merge[456.0][456.1]
merge[458][457]
cut[459][320,48]
color[459.2][113,132,149,255]
merge[459.3][459.2]
merge[459.0][459.1]
merge[461][460]
cut[462][336,32]
color[462.2][136,173,195,255]
merge[462.3][462.2]
merge[462.0][462.1]
merge[464][463]
cut[465][352,16]
color[465.2][28,50,83,255]
merge[465.3][465.2]
merge[465.0][465.1]
merge[467][466]
cut[468][Y][384]
color[468.1][10,22,40,255]
merge[468.0][468.1]
cut[469][16,368]
color[469.2][13,24,40,255]
merge[469.1][469.0]
merge[469.2][469.3]
merge[471][470]
cut[472][80,304]
color[472.2][15,28,48,255]
merge[472.1][472.0]
merge[472.2][472.3]
merge[474][473]
cut[475][96,288]
color[475.2][15,26,44,255]
merge[475.1][475.0]
merge[475.2][475.3]
merge[477][476]
cut[478][112,272]
color[478.2][92,93,107,255]
merge[478.1][478.0]
merge[478.2][478.3]
merge[480][479]
cut[481][128,256]
color[481.2][213,198,202,255]
merge[481.1][481.0]
merge[481.2][481.3]
merge[483][482]
cut[484][144,240]
color[484.2][183,170,173,255]
merge[484.1][484.0]
merge[484.2][484.3]
merge[486][485]
cut[487][160,224]
color[487.2][202,186,186,255]
merge[487.1][487.0]
merge[487.2][487.3]
merge[489][488]
cut[490][176,208]
color[490.2][188,167,172,255]
merge[490.1][490.0]
merge[490.2][490.3]
merge[492][491]
cut[493][192,192]
color[493.2][156,143,147,255]
merge[493.3][493.0]
merge[493.2][493.1]
merge[495][494]
cut[496][208,176]
color[496.2][93,87,100,255]
merge[496.3][496.2]
merge[496.0][496.1]
merge[498][497]
cut[499][224,160]
color[499.2][101,95,103,255]
merge[499.3][499.2]
merge[499.0][499.1]
merge[501][500]
cut[502][240,144]
color[502.2][109,113,125,255]
merge[502.3][502.2]
merge[502.0][502.1]
merge[504][503]
cut[505][256,128]
color[505.2][167,175,186,255]
merge[505.3][505.2]
merge[505.0][505.1]
merge[507][506]
cut[508][272,112]
color[508.2][60,76,85,255]
merge[508.3][508.2]
merge[508.0][508.1]
merge[510][509]
cut[511][288,96]
color[511.2][43,60,71,255]
merge[511.3][511.2]
merge[511.0][511.1]
merge[513][512]
cut[514][320,64]
color[514.2][147,144,140,255]
merge[514.3][514.2]
merge[514.0][514.1]
merge[516][515]
cut[517][336,48]
color[517.2][175,194,196,255]
merge[517.3][517.2]
merge[517.0][517.1]
merge[519][518]
cut[520][352,32]
color[520.2][77,108,139,255]
merge[520.3][520.2]
merge[520.0][520.1]
merge[522][521]
cut[523][368,16]
color[523.2][8,23,53,255]
merge[523.3][523.2]
merge[523.0][523.1]
merge[525][524]
cut[526][X][384]
color[526.1][11,17,33,255]
merge[526.0][526.1]
