color [0] [1,1,2,3]
color [1] [1,1,2,3]
color [2] [1,1,2,3]
color [3] [1,1,2,3]
color [4] [1,1,2,3]
color [5] [1,1,2,3]
color [6] [1,1,2,3]
color [7] [1,1,2,3]
color [8] [1,1,2,3]
color [9] [1,1,2,3]
color [10] [1,1,2,3]
color [11] [1,1,2,3]
color [12] [1,1,1,3]
color [13] [1,1,2,3]
color [14] [1,1,2,3]
color [15] [1,1,2,3]
color [16] [1,1,2,3]
color [17] [1,1,2,3]
color [18] [3,2,1,3]
color [19] [1,1,2,3]
color [20] [1,1,2,3]
color [21] [1,1,2,3]
color [22] [1,1,1,3]
color [23] [1,1,2,3]
color [24] [1,1,2,3]
color [25] [1,1,2,3]
color [26] [1,1,2,3]
color [27] [1,1,2,3]
color [28] [1,1,2,3]
color [29] [1,1,2,3]
color [30] [1,1,2,3]
color [31] [1,1,2,3]
color [32] [1,1,1,3]
color [33] [1,1,2,3]
color [34] [2,2,2,3]
color [35] [1,1,2,3]
color [36] [1,1,2,3]
color [37] [1,1,2,3]
color [38] [1,1,2,3]
color [39] [1,1,2,3]
color [40] [1,1,2,3]
color [41] [2,1,1,3]
color [42] [0,0,0,3]
color [43] [1,1,2,3]
color [44] [1,1,2,3]
color [45] [1,1,2,3]
color [46] [1,1,2,3]
color [47] [1,1,2,3]
color [48] [1,1,2,3]
color [49] [1,1,2,3]
color [50] [1,1,2,3]
color [51] [1,1,1,3]
color [52] [0,0,0,3]
color [53] [1,1,2,3]
color [54] [2,2,2,3]
color [55] [1,1,2,3]
color [56] [1,1,2,3]
color [57] [1,1,2,3]
color [58] [2,2,2,3]
color [59] [2,2,2,3]
color [60] [2,2,2,3]
color [61] [2,1,1,3]
color [62] [0,0,0,3]
color [63] [0,1,1,3]
color [64] [3,2,2,3]
color [65] [2,2,2,3]
color [66] [2,2,2,3]
color [67] [2,1,2,3]
color [68] [1,1,1,3]
color [69] [1,1,1,3]
color [70] [1,1,1,3]
color [71] [1,1,1,3]
color [72] [0,0,0,3]
color [73] [0,0,0,3]
color [74] [1,1,1,3]
color [75] [1,1,1,3]
color [76] [1,1,1,3]
color [77] [0,0,1,3]
color [78] [0,1,1,3]
color [79] [0,0,1,3]
color [80] [0,0,1,3]
color [81] [0,0,1,3]
color [82] [0,0,0,3]
color [83] [0,0,0,3]
color [84] [0,0,0,3]
color [85] [0,0,1,3]
color [86] [0,0,1,3]
color [87] [0,0,1,3]
color [88] [0,0,1,3]
color [89] [0,0,1,3]
color [90] [1,1,2,3]
color [91] [0,0,1,3]
color [92] [0,0,0,3]
color [93] [0,0,0,3]
color [94] [0,0,0,3]
color [95] [0,0,1,3]
color [96] [0,0,1,3]
color [97] [0,0,1,3]
color [98] [0,0,1,3]
color [99] [1,1,2,3]
