color [0] [3,3,3,3]
color [1] [3,3,3,3]
color [2] [3,3,3,3]
color [3] [3,3,3,3]
color [4] [3,3,3,3]
color [5] [3,3,3,3]
color [6] [3,3,3,3]
color [7] [3,3,3,3]
color [8] [3,3,3,3]
color [9] [3,3,3,3]
color [10] [3,3,3,3]
color [11] [3,3,3,3]
color [12] [3,3,3,3]
color [13] [3,3,3,3]
color [14] [3,3,3,3]
color [15] [3,3,3,3]
color [16] [3,3,3,3]
color [17] [3,3,3,3]
color [18] [3,3,3,3]
color [19] [3,3,3,3]
color [20] [3,3,3,3]
color [21] [3,3,3,3]
color [22] [2,2,2,3]
color [23] [3,3,3,3]
color [24] [2,2,2,3]
color [25] [2,2,2,3]
color [26] [2,2,2,3]
color [27] [3,3,3,3]
color [28] [3,3,3,3]
color [29] [3,3,3,3]
color [30] [3,3,3,3]
color [31] [2,2,2,3]
color [32] [1,1,1,3]
color [33] [1,1,1,3]
color [34] [0,0,0,3]
color [35] [1,1,1,3]
color [36] [2,2,2,3]
color [37] [2,2,2,3]
color [38] [2,2,2,3]
color [39] [3,3,3,3]
color [40] [3,3,3,3]
color [41] [2,2,2,3]
color [42] [2,2,2,3]
color [43] [0,0,0,3]
color [44] [0,0,0,3]
color [45] [2,2,2,3]
color [46] [2,2,2,3]
color [47] [2,2,2,3]
color [48] [2,2,2,3]
color [49] [3,3,3,3]
color [50] [3,3,3,3]
color [51] [3,3,3,3]
color [52] [1,1,1,3]
color [53] [0,0,0,3]
color [54] [2,2,2,3]
color [55] [2,2,2,3]
color [56] [1,1,1,3]
color [57] [2,2,2,3]
color [58] [2,2,2,3]
color [59] [3,3,3,3]
color [60] [3,3,3,3]
color [61] [3,3,3,3]
color [62] [1,1,1,3]
color [63] [2,2,2,3]
color [64] [2,2,2,3]
color [65] [2,2,2,3]
color [66] [2,2,2,3]
color [67] [2,2,2,3]
color [68] [2,2,2,3]
color [69] [3,3,3,3]
color [70] [3,3,3,3]
color [71] [3,3,3,3]
color [72] [3,3,3,3]
color [73] [3,3,3,3]
color [74] [3,3,3,3]
color [75] [3,3,3,3]
color [76] [3,3,3,3]
color [77] [3,3,3,3]
color [78] [3,3,3,3]
color [79] [3,3,3,3]
color [80] [3,3,3,3]
color [81] [3,3,3,3]
color [82] [3,3,3,3]
color [83] [3,3,3,3]
color [84] [3,3,3,3]
color [85] [3,3,3,3]
color [86] [3,3,3,3]
color [87] [3,3,3,3]
color [88] [3,3,3,3]
color [89] [3,3,3,3]
color [90] [3,3,3,3]
color [91] [3,3,3,3]
color [92] [3,3,3,3]
color [93] [3,3,3,3]
color [94] [3,3,3,3]
color [95] [3,3,3,3]
color [96] [3,3,3,3]
color [97] [3,3,3,3]
color [98] [3,3,3,3]
color [99] [3,3,3,3]
