color [0] [1,1,1,1]
color [1] [1,1,1,1]
color [2] [1,1,1,1]
color [3] [1,1,1,1]
color [4] [1,1,1,1]
color [5] [1,1,1,1]
color [6] [1,1,1,1]
color [7] [1,1,1,1]
color [8] [1,1,1,1]
color [9] [1,1,1,1]
color [10] [1,1,1,1]
color [11] [1,1,1,1]
color [12] [1,1,1,1]
color [13] [1,1,1,1]
color [14] [1,1,1,1]
color [15] [1,1,1,1]
color [16] [1,1,1,1]
color [17] [1,1,1,1]
color [18] [1,1,1,1]
color [19] [1,1,1,1]
color [20] [1,1,1,1]
color [21] [1,1,1,1]
color [22] [1,1,1,1]
color [23] [1,1,1,1]
color [24] [1,1,1,1]
color [25] [1,1,1,1]
color [26] [1,1,1,1]
color [27] [1,1,1,1]
color [28] [1,1,1,1]
color [29] [1,1,1,1]
color [30] [1,1,1,1]
color [31] [1,1,1,1]
color [32] [1,1,1,1]
color [33] [1,1,1,1]
color [34] [1,1,1,1]
color [35] [1,1,1,1]
color [36] [1,1,1,1]
color [37] [1,1,1,1]
color [38] [1,1,1,1]
color [39] [1,1,1,1]
color [40] [1,1,1,1]
color [41] [1,1,1,1]
color [42] [1,1,1,1]
color [43] [1,1,1,1]
color [44] [1,1,1,1]
color [45] [1,1,1,1]
color [46] [1,1,1,1]
color [47] [0,0,0,1]
color [48] [0,0,0,1]
color [49] [0,0,0,1]
color [50] [0,0,0,1]
color [51] [0,0,0,1]
color [52] [0,0,0,1]
color [53] [1,1,1,1]
color [54] [1,1,1,1]
color [55] [1,1,1,1]
color [56] [1,1,1,1]
color [57] [1,1,1,1]
color [58] [1,1,1,1]
color [59] [1,1,1,1]
color [60] [1,1,1,1]
color [61] [1,1,1,1]
color [62] [1,1,1,1]
color [63] [1,1,1,1]
color [64] [1,1,1,1]
color [65] [1,1,1,1]
color [66] [1,1,1,1]
color [67] [0,0,0,1]
color [68] [0,0,0,1]
color [69] [0,0,0,1]
color [70] [0,0,0,1]
color [71] [0,0,1,1]
color [72] [0,0,0,1]
color [73] [1,1,1,1]
color [74] [1,1,1,1]
color [75] [1,1,1,1]
color [76] [1,1,1,1]
color [77] [1,1,1,1]
color [78] [1,1,1,1]
color [79] [1,1,1,1]
color [80] [1,1,1,1]
color [81] [1,1,1,1]
color [82] [1,1,1,1]
color [83] [1,1,1,1]
color [84] [1,1,1,1]
color [85] [1,1,1,1]
color [86] [1,1,1,1]
color [87] [0,0,0,1]
color [88] [0,0,0,1]
color [89] [0,0,0,1]
color [90] [0,0,0,1]
color [91] [0,0,1,1]
color [92] [0,0,0,1]
color [93] [1,1,1,1]
color [94] [0,0,0,1]
color [95] [0,0,0,1]
color [96] [1,1,1,1]
color [97] [1,1,1,1]
color [98] [1,1,1,1]
color [99] [1,1,1,1]
color [100] [1,1,1,1]
color [101] [1,1,1,1]
color [102] [1,1,1,1]
color [103] [1,1,1,1]
color [104] [1,1,1,1]
color [105] [1,1,1,1]
color [106] [1,1,1,1]
color [107] [0,0,0,1]
color [108] [0,0,0,1]
color [109] [0,0,0,1]
color [110] [0,0,0,1]
color [111] [0,0,0,1]
color [112] [0,0,0,1]
color [113] [1,1,1,1]
color [114] [0,0,0,1]
color [115] [0,0,0,1]
color [116] [1,1,1,1]
color [117] [1,1,1,1]
color [118] [1,1,1,1]
color [119] [1,1,1,1]
color [120] [1,1,1,1]
color [121] [1,1,1,1]
color [122] [1,1,1,1]
color [123] [1,1,1,1]
color [124] [1,1,1,1]
color [125] [1,1,1,1]
color [126] [0,1,1,1]
color [127] [0,0,0,1]
color [128] [0,0,1,1]
color [129] [0,0,1,1]
color [130] [0,0,1,1]
color [131] [0,0,1,1]
color [132] [0,0,0,1]
color [133] [1,1,1,1]
color [134] [0,0,0,1]
color [135] [0,0,0,1]
color [136] [1,1,1,1]
color [137] [1,1,1,1]
color [138] [1,1,1,1]
color [139] [1,1,1,1]
color [140] [1,1,1,1]
color [141] [1,1,1,1]
color [142] [1,1,1,1]
color [143] [1,1,1,1]
color [144] [1,1,1,1]
color [145] [0,0,1,1]
color [146] [0,0,1,1]
color [147] [0,0,0,1]
color [148] [0,0,0,1]
color [149] [0,0,0,1]
color [150] [0,0,0,1]
color [151] [0,0,0,1]
color [152] [0,0,0,1]
color [153] [0,0,1,1]
color [154] [0,0,0,1]
color [155] [0,0,0,1]
color [156] [1,1,1,1]
color [157] [1,1,1,1]
color [158] [1,1,1,1]
color [159] [1,1,1,1]
color [160] [1,1,1,1]
color [161] [1,1,1,1]
color [162] [1,1,1,1]
color [163] [1,1,1,1]
color [164] [1,0,0,1]
color [165] [1,0,0,1]
color [166] [0,0,1,1]
color [167] [0,0,1,1]
color [168] [0,0,1,1]
color [169] [0,0,1,1]
color [170] [0,0,1,1]
color [171] [0,0,1,1]
color [172] [0,0,1,1]
color [173] [0,0,1,1]
color [174] [0,0,0,1]
color [175] [0,0,0,1]
color [176] [1,1,1,1]
color [177] [1,1,1,1]
color [178] [1,1,1,1]
color [179] [1,1,1,1]
color [180] [1,1,1,1]
color [181] [1,1,1,1]
color [182] [1,1,1,1]
color [183] [1,1,1,1]
color [184] [1,0,0,1]
color [185] [1,0,0,1]
color [186] [0,0,1,1]
color [187] [0,0,1,1]
color [188] [0,0,1,1]
color [189] [0,0,1,1]
color [190] [0,0,1,1]
color [191] [0,0,1,1]
color [192] [0,0,1,1]
color [193] [0,0,1,1]
color [194] [0,0,1,1]
color [195] [0,1,1,1]
color [196] [1,1,1,1]
color [197] [1,1,1,1]
color [198] [1,1,1,1]
color [199] [1,1,1,1]
color [200] [1,1,1,1]
color [201] [1,1,1,1]
color [202] [1,1,1,1]
color [203] [1,1,1,1]
color [204] [1,0,0,1]
color [205] [1,0,0,1]
color [206] [0,0,1,1]
color [207] [0,0,1,1]
color [208] [0,0,1,1]
color [209] [0,0,1,1]
color [210] [0,0,1,1]
color [211] [0,0,1,1]
color [212] [0,0,1,1]
color [213] [0,0,1,1]
color [214] [0,0,1,1]
color [215] [1,1,1,1]
color [216] [1,1,1,1]
color [217] [1,1,1,1]
color [218] [1,1,1,1]
color [219] [1,1,1,1]
color [220] [1,1,1,1]
color [221] [1,1,1,1]
color [222] [1,1,1,1]
color [223] [1,1,1,1]
color [224] [1,0,0,1]
color [225] [1,0,0,1]
color [226] [0,0,1,1]
color [227] [0,0,1,1]
color [228] [0,0,1,1]
color [229] [0,0,1,1]
color [230] [0,0,1,1]
color [231] [0,0,1,1]
color [232] [0,0,1,1]
color [233] [0,0,1,1]
color [234] [0,0,1,1]
color [235] [1,1,1,1]
color [236] [1,1,1,1]
color [237] [1,1,1,1]
color [238] [1,1,1,1]
color [239] [1,1,1,1]
color [240] [1,1,1,1]
color [241] [1,1,1,1]
color [242] [1,1,1,1]
color [243] [1,1,1,1]
color [244] [1,0,0,1]
color [245] [0,0,0,1]
color [246] [0,0,1,1]
color [247] [0,0,1,1]
color [248] [0,0,1,1]
color [249] [0,0,1,1]
color [250] [0,0,1,1]
color [251] [0,0,1,1]
color [252] [0,0,1,1]
color [253] [0,0,1,1]
color [254] [0,0,1,1]
color [255] [1,1,1,1]
color [256] [1,1,1,1]
color [257] [1,1,1,1]
color [258] [1,1,1,1]
color [259] [1,1,1,1]
color [260] [1,1,1,1]
color [261] [1,1,1,1]
color [262] [1,1,1,1]
color [263] [1,1,1,1]
color [264] [1,1,1,1]
color [265] [0,0,0,1]
color [266] [0,0,0,1]
color [267] [0,0,0,1]
color [268] [0,0,0,1]
color [269] [0,0,0,1]
color [270] [0,0,0,1]
color [271] [0,0,0,1]
color [272] [0,0,0,1]
color [273] [0,0,0,1]
color [274] [0,0,0,1]
color [275] [1,1,1,1]
color [276] [1,1,1,1]
color [277] [1,1,1,1]
color [278] [1,1,1,1]
color [279] [1,1,1,1]
color [280] [1,1,1,1]
color [281] [1,1,1,1]
color [282] [1,1,1,1]
color [283] [1,1,1,1]
color [284] [1,1,1,1]
color [285] [0,1,1,1]
color [286] [0,1,1,1]
color [287] [0,0,0,1]
color [288] [0,0,0,1]
color [289] [0,1,1,1]
color [290] [0,1,1,1]
color [291] [0,1,1,1]
color [292] [0,0,0,1]
color [293] [0,0,0,1]
color [294] [0,1,1,1]
color [295] [1,1,1,1]
color [296] [1,1,1,1]
color [297] [1,1,1,1]
color [298] [1,1,1,1]
color [299] [1,1,1,1]
color [300] [1,1,1,1]
color [301] [1,1,1,1]
color [302] [1,1,1,1]
color [303] [1,1,1,1]
color [304] [1,1,1,1]
color [305] [1,1,1,1]
color [306] [1,1,1,1]
color [307] [1,1,0,1]
color [308] [1,1,0,1]
color [309] [1,1,1,1]
color [310] [1,1,1,1]
color [311] [1,1,0,1]
color [312] [1,1,0,1]
color [313] [1,1,0,1]
color [314] [1,1,1,1]
color [315] [1,1,1,1]
color [316] [1,1,1,1]
color [317] [1,1,1,1]
color [318] [1,1,1,1]
color [319] [1,1,1,1]
color [320] [1,1,1,1]
color [321] [1,1,1,1]
color [322] [1,1,1,1]
color [323] [1,1,1,1]
color [324] [1,1,1,1]
color [325] [1,1,1,1]
color [326] [1,1,1,1]
color [327] [1,1,0,1]
color [328] [1,1,0,1]
color [329] [1,1,1,1]
color [330] [1,1,1,1]
color [331] [1,1,0,1]
color [332] [1,1,0,1]
color [333] [1,1,0,1]
color [334] [1,1,1,1]
color [335] [1,1,1,1]
color [336] [1,1,1,1]
color [337] [1,1,1,1]
color [338] [1,1,1,1]
color [339] [1,1,1,1]
color [340] [1,1,1,1]
color [341] [1,1,1,1]
color [342] [1,1,1,1]
color [343] [1,1,1,1]
color [344] [1,1,1,1]
color [345] [1,1,1,1]
color [346] [1,1,1,1]
color [347] [1,1,0,1]
color [348] [1,1,0,1]
color [349] [1,1,1,1]
color [350] [1,1,1,1]
color [351] [1,1,1,1]
color [352] [1,1,0,1]
color [353] [1,1,1,1]
color [354] [1,1,1,1]
color [355] [1,1,1,1]
color [356] [1,1,1,1]
color [357] [1,1,1,1]
color [358] [1,1,1,1]
color [359] [1,1,1,1]
color [360] [1,1,1,1]
color [361] [1,1,1,1]
color [362] [1,1,1,1]
color [363] [1,1,1,1]
color [364] [1,1,1,1]
color [365] [1,1,1,1]
color [366] [1,1,1,1]
color [367] [1,1,1,1]
color [368] [1,1,1,1]
color [369] [1,1,1,1]
color [370] [1,1,1,1]
color [371] [1,1,1,1]
color [372] [1,1,1,1]
color [373] [1,1,1,1]
color [374] [1,1,1,1]
color [375] [1,1,1,1]
color [376] [1,1,1,1]
color [377] [1,1,1,1]
color [378] [1,1,1,1]
color [379] [1,1,1,1]
color [380] [1,1,1,1]
color [381] [1,1,1,1]
color [382] [1,1,1,1]
color [383] [1,1,1,1]
color [384] [1,1,1,1]
color [385] [1,1,1,1]
color [386] [1,1,1,1]
color [387] [1,1,1,1]
color [388] [1,1,1,1]
color [389] [1,1,1,1]
color [390] [1,1,1,1]
color [391] [1,1,1,1]
color [392] [1,1,1,1]
color [393] [1,1,1,1]
color [394] [1,1,1,1]
color [395] [1,1,1,1]
color [396] [1,1,1,1]
color [397] [1,1,1,1]
color [398] [1,1,1,1]
color [399] [1,1,1,1]
