color [0] [1,1,1,1]
color [1] [1,1,1,1]
color [2] [1,1,1,1]
color [3] [1,1,1,1]
color [4] [1,1,1,1]
color [5] [1,1,1,1]
color [6] [1,1,1,1]
color [7] [1,1,1,1]
color [8] [1,1,1,1]
color [9] [1,1,1,1]
color [10] [1,1,1,1]
color [11] [1,1,1,1]
color [12] [1,1,1,1]
color [13] [1,1,1,1]
color [14] [1,1,1,1]
color [15] [1,1,1,1]
color [16] [1,1,1,1]
color [17] [0,0,0,1]
color [18] [0,0,0,1]
color [19] [0,0,0,1]
color [20] [0,0,0,1]
color [21] [0,0,0,1]
color [22] [0,0,0,1]
color [23] [0,0,0,1]
color [24] [0,0,0,1]
color [25] [0,0,0,1]
color [26] [0,0,0,1]
color [27] [0,0,0,1]
color [28] [0,0,0,1]
color [29] [0,0,0,1]
color [30] [0,0,0,1]
color [31] [1,1,1,1]
color [32] [1,1,1,1]
color [33] [0,0,0,1]
color [34] [0,0,0,1]
color [35] [0,0,0,1]
color [36] [0,0,0,1]
color [37] [0,0,0,1]
color [38] [1,1,0,1]
color [39] [1,1,0,1]
color [40] [1,1,0,1]
color [41] [1,1,0,1]
color [42] [0,0,0,1]
color [43] [0,0,0,1]
color [44] [0,0,0,1]
color [45] [0,0,0,1]
color [46] [0,0,0,1]
color [47] [1,1,1,1]
color [48] [1,1,1,1]
color [49] [0,0,0,1]
color [50] [0,0,0,1]
color [51] [0,0,0,1]
color [52] [1,1,0,1]
color [53] [1,1,0,1]
color [54] [1,1,0,1]
color [55] [1,1,0,1]
color [56] [1,1,0,1]
color [57] [1,1,0,1]
color [58] [1,1,0,1]
color [59] [1,1,0,1]
color [60] [0,0,0,1]
color [61] [0,0,0,1]
color [62] [0,0,0,1]
color [63] [1,1,1,1]
color [64] [1,1,1,1]
color [65] [0,0,0,1]
color [66] [0,0,0,1]
color [67] [1,1,0,1]
color [68] [1,1,0,1]
color [69] [1,1,0,1]
color [70] [1,0,0,1]
color [71] [1,0,0,1]
color [72] [0,0,0,1]
color [73] [0,0,0,1]
color [74] [1,1,0,1]
color [75] [1,1,0,1]
color [76] [1,1,0,1]
color [77] [0,0,0,1]
color [78] [0,0,0,1]
color [79] [1,1,1,1]
color [80] [1,1,1,1]
color [81] [0,0,0,1]
color [82] [0,0,0,1]
color [83] [1,1,0,1]
color [84] [1,1,0,1]
color [85] [1,1,0,1]
color [86] [1,1,0,1]
color [87] [1,1,0,1]
color [88] [1,1,0,1]
color [89] [0,0,0,1]
color [90] [1,1,0,1]
color [91] [1,1,0,1]
color [92] [1,1,0,1]
color [93] [0,0,0,1]
color [94] [0,0,0,1]
color [95] [1,1,1,1]
color [96] [1,1,1,1]
color [97] [0,0,0,1]
color [98] [1,1,0,1]
color [99] [1,1,0,1]
color [100] [1,1,0,1]
color [101] [1,0,0,1]
color [102] [1,1,0,1]
color [103] [1,1,0,1]
color [104] [1,1,0,1]
color [105] [0,0,0,1]
color [106] [1,0,0,1]
color [107] [1,1,0,1]
color [108] [1,1,0,1]
color [109] [1,1,0,1]
color [110] [0,0,0,1]
color [111] [1,1,1,1]
color [112] [1,1,1,1]
color [113] [0,0,0,1]
color [114] [1,1,0,1]
color [115] [1,1,0,1]
color [116] [1,1,0,1]
color [117] [0,0,0,1]
color [118] [1,1,0,1]
color [119] [1,1,0,1]
color [120] [1,1,0,1]
color [121] [0,0,0,1]
color [122] [0,0,0,1]
color [123] [1,1,0,1]
color [124] [1,1,0,1]
color [125] [1,1,0,1]
color [126] [0,0,0,1]
color [127] [1,1,1,1]
color [128] [1,1,1,1]
color [129] [0,0,0,1]
color [130] [1,1,0,1]
color [131] [1,1,0,1]
color [132] [1,1,0,1]
color [133] [0,0,0,1]
color [134] [1,0,0,1]
color [135] [1,1,0,1]
color [136] [1,1,0,1]
color [137] [0,0,0,1]
color [138] [0,0,0,1]
color [139] [1,1,0,1]
color [140] [1,1,0,1]
color [141] [1,1,0,1]
color [142] [0,0,0,1]
color [143] [1,1,1,1]
color [144] [1,1,1,1]
color [145] [0,0,0,1]
color [146] [0,0,0,1]
color [147] [1,1,0,1]
color [148] [1,1,0,1]
color [149] [0,0,0,1]
color [150] [0,0,0,1]
color [151] [1,1,0,1]
color [152] [1,1,0,1]
color [153] [0,0,0,1]
color [154] [0,0,0,1]
color [155] [1,1,0,1]
color [156] [1,1,0,1]
color [157] [0,0,0,1]
color [158] [0,0,0,1]
color [159] [1,1,1,1]
color [160] [1,1,1,1]
color [161] [0,0,0,1]
color [162] [0,0,0,1]
color [163] [1,1,0,1]
color [164] [1,1,0,1]
color [165] [1,0,0,1]
color [166] [1,1,0,1]
color [167] [1,1,0,1]
color [168] [1,1,0,1]
color [169] [0,0,0,1]
color [170] [0,0,0,1]
color [171] [0,0,0,1]
color [172] [1,1,0,1]
color [173] [0,0,0,1]
color [174] [0,0,0,1]
color [175] [1,1,1,1]
color [176] [1,1,1,1]
color [177] [0,0,0,1]
color [178] [0,0,0,1]
color [179] [0,0,0,1]
color [180] [0,0,0,1]
color [181] [1,0,0,1]
color [182] [1,1,0,1]
color [183] [1,1,0,1]
color [184] [1,1,0,1]
color [185] [0,0,0,1]
color [186] [0,0,0,1]
color [187] [0,0,0,1]
color [188] [0,0,0,1]
color [189] [0,0,0,1]
color [190] [0,0,0,1]
color [191] [1,1,1,1]
color [192] [1,1,1,1]
color [193] [0,0,0,1]
color [194] [0,0,0,1]
color [195] [0,0,0,1]
color [196] [0,0,0,1]
color [197] [0,0,0,1]
color [198] [0,0,0,1]
color [199] [0,0,0,1]
color [200] [0,0,0,1]
color [201] [0,0,0,1]
color [202] [0,0,0,1]
color [203] [0,0,0,1]
color [204] [0,0,0,1]
color [205] [0,0,0,1]
color [206] [0,0,0,1]
color [207] [1,1,1,1]
color [208] [1,1,1,1]
color [209] [0,0,0,1]
color [210] [0,0,0,1]
color [211] [0,0,0,1]
color [212] [0,0,0,1]
color [213] [0,0,0,1]
color [214] [0,0,0,1]
color [215] [0,0,0,1]
color [216] [0,0,0,1]
color [217] [0,0,0,1]
color [218] [0,0,0,1]
color [219] [0,0,0,1]
color [220] [0,0,0,1]
color [221] [0,0,0,1]
color [222] [0,0,0,1]
color [223] [1,1,1,1]
color [224] [1,1,1,1]
color [225] [0,0,0,1]
color [226] [0,0,0,1]
color [227] [0,0,0,1]
color [228] [0,0,0,1]
color [229] [0,0,0,1]
color [230] [0,0,0,1]
color [231] [0,0,0,1]
color [232] [0,0,0,1]
color [233] [0,0,0,1]
color [234] [0,0,0,1]
color [235] [0,0,0,1]
color [236] [0,0,0,1]
color [237] [0,0,0,1]
color [238] [0,0,0,1]
color [239] [1,1,1,1]
color [240] [1,1,1,1]
color [241] [1,1,1,1]
color [242] [1,1,1,1]
color [243] [1,1,1,1]
color [244] [1,1,1,1]
color [245] [1,1,1,1]
color [246] [1,1,1,1]
color [247] [1,1,1,1]
color [248] [1,1,1,1]
color [249] [1,1,1,1]
color [250] [1,1,1,1]
color [251] [1,1,1,1]
color [252] [1,1,1,1]
color [253] [1,1,1,1]
color [254] [1,1,1,1]
color [255] [1,1,1,1]
