color [0] [1,1,1,1]
color [1] [1,1,1,1]
color [2] [1,1,1,1]
color [3] [1,1,1,1]
color [4] [1,1,1,1]
color [5] [1,1,1,1]
color [6] [1,1,1,1]
color [7] [1,1,1,1]
color [8] [1,1,1,1]
color [9] [1,1,1,1]
color [10] [1,1,1,1]
color [11] [1,1,1,1]
color [12] [1,1,1,1]
color [13] [1,1,1,1]
color [14] [1,1,0,1]
color [15] [1,1,1,1]
color [16] [1,1,1,1]
color [17] [1,1,1,1]
color [18] [1,1,1,1]
color [19] [1,1,1,1]
color [20] [1,1,1,1]
color [21] [1,1,1,1]
color [22] [1,1,1,1]
color [23] [1,1,1,1]
color [24] [1,1,1,1]
color [25] [1,1,1,1]
color [26] [1,1,1,1]
color [27] [1,1,1,1]
color [28] [1,1,1,1]
color [29] [1,1,1,1]
color [30] [1,1,1,1]
color [31] [1,1,1,1]
color [32] [1,1,1,1]
color [33] [1,1,1,1]
color [34] [1,1,1,1]
color [35] [1,1,1,1]
color [36] [1,1,1,1]
color [37] [1,1,1,1]
color [38] [1,1,1,1]
color [39] [1,1,0,1]
color [40] [1,1,0,1]
color [41] [1,1,0,1]
color [42] [1,1,1,1]
color [43] [1,1,1,1]
color [44] [1,1,1,1]
color [45] [1,1,1,1]
color [46] [1,1,1,1]
color [47] [1,1,1,1]
color [48] [1,1,1,1]
color [49] [1,1,1,1]
color [50] [1,1,1,1]
color [51] [1,1,1,1]
color [52] [1,1,1,1]
color [53] [1,1,1,1]
color [54] [1,1,0,1]
color [55] [1,1,0,1]
color [56] [1,1,0,1]
color [57] [1,1,0,1]
color [58] [1,1,0,1]
color [59] [1,1,1,1]
color [60] [1,1,1,1]
color [61] [1,1,1,1]
color [62] [1,1,1,1]
color [63] [1,1,1,1]
color [64] [1,1,1,1]
color [65] [1,1,1,1]
color [66] [1,1,1,1]
color [67] [1,1,1,1]
color [68] [1,1,0,1]
color [69] [1,0,0,1]
color [70] [1,1,0,1]
color [71] [1,1,0,1]
color [72] [1,1,0,1]
color [73] [1,1,0,1]
color [74] [1,1,0,1]
color [75] [1,1,0,1]
color [76] [1,1,1,1]
color [77] [1,1,1,1]
color [78] [1,1,1,1]
color [79] [1,1,1,1]
color [80] [1,1,1,1]
color [81] [1,1,1,1]
color [82] [1,1,1,1]
color [83] [1,1,1,1]
color [84] [1,1,0,1]
color [85] [1,0,0,1]
color [86] [1,1,1,1]
color [87] [1,1,0,1]
color [88] [1,1,0,1]
color [89] [1,1,1,1]
color [90] [1,1,0,1]
color [91] [1,1,0,1]
color [92] [1,1,1,1]
color [93] [1,1,1,1]
color [94] [1,1,1,1]
color [95] [1,1,1,1]
color [96] [1,1,1,1]
color [97] [1,1,1,1]
color [98] [1,1,1,1]
color [99] [1,1,1,1]
color [100] [1,1,0,1]
color [101] [1,1,0,1]
color [102] [1,1,0,1]
color [103] [1,1,0,1]
color [104] [1,1,0,1]
color [105] [1,1,0,1]
color [106] [1,1,0,1]
color [107] [1,1,0,1]
color [108] [1,1,1,1]
color [109] [1,1,1,1]
color [110] [1,1,1,1]
color [111] [1,1,1,1]
color [112] [1,1,1,1]
color [113] [1,1,1,1]
color [114] [1,1,1,1]
color [115] [1,1,1,1]
color [116] [1,1,1,1]
color [117] [1,1,0,1]
color [118] [1,1,0,1]
color [119] [1,1,0,1]
color [120] [1,1,0,1]
color [121] [1,1,0,1]
color [122] [1,0,0,1]
color [123] [1,1,1,1]
color [124] [1,1,1,1]
color [125] [1,1,1,1]
color [126] [1,1,1,1]
color [127] [1,1,1,1]
color [128] [1,1,1,1]
color [129] [1,1,1,1]
color [130] [1,1,1,1]
color [131] [1,1,1,1]
color [132] [1,1,1,1]
color [133] [1,1,0,1]
color [134] [1,0,0,1]
color [135] [1,1,0,1]
color [136] [1,1,0,1]
color [137] [1,1,0,1]
color [138] [1,1,0,1]
color [139] [1,1,1,1]
color [140] [1,1,1,1]
color [141] [1,1,1,1]
color [142] [1,1,1,1]
color [143] [1,1,1,1]
color [144] [1,1,1,1]
color [145] [1,1,1,1]
color [146] [1,1,1,1]
color [147] [1,1,1,1]
color [148] [1,1,1,1]
color [149] [1,1,0,1]
color [150] [1,1,0,1]
color [151] [1,1,0,1]
color [152] [1,1,0,1]
color [153] [1,0,0,1]
color [154] [1,1,0,1]
color [155] [1,1,1,1]
color [156] [1,1,1,1]
color [157] [1,1,1,1]
color [158] [1,1,1,1]
color [159] [1,1,1,1]
color [160] [1,1,0,1]
color [161] [1,1,1,1]
color [162] [1,1,1,1]
color [163] [1,1,1,1]
color [164] [1,0,1,1]
color [165] [1,1,0,1]
color [166] [1,1,0,1]
color [167] [1,1,0,1]
color [168] [1,1,0,1]
color [169] [1,0,1,1]
color [170] [1,1,0,1]
color [171] [1,1,1,1]
color [172] [1,1,1,1]
color [173] [1,1,1,1]
color [174] [1,1,1,1]
color [175] [1,1,1,1]
color [176] [1,1,1,1]
color [177] [1,1,1,1]
color [178] [1,1,1,1]
color [179] [1,1,1,1]
color [180] [0,0,1,1]
color [181] [1,1,0,1]
color [182] [1,1,0,1]
color [183] [1,1,1,1]
color [184] [1,1,1,1]
color [185] [1,1,1,1]
color [186] [1,1,0,1]
color [187] [1,1,1,1]
color [188] [1,1,1,1]
color [189] [1,1,1,1]
color [190] [1,1,1,1]
color [191] [1,1,1,1]
color [192] [1,1,1,1]
color [193] [1,1,1,1]
color [194] [1,1,1,1]
color [195] [1,1,1,1]
color [196] [1,0,1,1]
color [197] [1,1,0,1]
color [198] [1,1,1,1]
color [199] [1,1,1,1]
color [200] [1,1,1,1]
color [201] [1,1,1,1]
color [202] [1,1,1,1]
color [203] [1,1,1,1]
color [204] [1,1,1,1]
color [205] [1,1,1,1]
color [206] [1,1,1,1]
color [207] [1,1,1,1]
color [208] [1,1,1,1]
color [209] [1,1,1,1]
color [210] [1,1,1,1]
color [211] [1,1,1,1]
color [212] [1,1,1,1]
color [213] [1,1,1,1]
color [214] [1,1,1,1]
color [215] [1,1,1,1]
color [216] [1,1,1,1]
color [217] [1,1,1,1]
color [218] [1,1,1,1]
color [219] [1,1,1,1]
color [220] [1,1,1,1]
color [221] [1,1,1,1]
color [222] [1,1,1,1]
color [223] [1,1,1,1]
color [224] [1,1,1,1]
color [225] [1,1,1,1]
color [226] [1,1,1,1]
color [227] [1,1,1,1]
color [228] [1,1,1,1]
color [229] [1,1,1,1]
color [230] [1,1,1,1]
color [231] [1,1,1,1]
color [232] [1,1,1,1]
color [233] [1,1,1,1]
color [234] [1,1,1,1]
color [235] [1,1,1,1]
color [236] [1,1,1,1]
color [237] [1,1,1,1]
color [238] [1,1,1,1]
color [239] [1,1,1,1]
color [240] [1,1,1,1]
color [241] [1,1,1,1]
color [242] [1,1,1,1]
color [243] [1,1,1,1]
color [244] [1,1,1,1]
color [245] [1,1,1,1]
color [246] [1,1,1,1]
color [247] [1,1,1,1]
color [248] [1,1,1,1]
color [249] [1,1,1,1]
color [250] [1,1,1,1]
color [251] [1,1,1,1]
color [252] [1,1,1,1]
color [253] [1,1,1,1]
color [254] [1,1,1,1]
color [255] [1,1,1,1]
