color [0] [0,0,0,1]
color [1] [0,0,0,1]
color [2] [0,0,0,1]
color [3] [0,0,0,1]
color [4] [0,0,0,1]
color [5] [0,0,0,1]
color [6] [0,0,0,1]
color [7] [0,0,0,1]
color [8] [0,0,0,1]
color [9] [0,0,0,1]
color [10] [0,0,0,1]
color [11] [0,0,0,1]
color [12] [0,0,0,1]
color [13] [0,0,0,1]
color [14] [0,0,0,1]
color [15] [0,0,0,1]
color [16] [0,0,0,1]
color [17] [0,0,0,1]
color [18] [0,0,0,1]
color [19] [0,0,0,1]
color [20] [0,0,0,1]
color [21] [0,0,0,1]
color [22] [1,0,0,1]
color [23] [0,0,0,1]
color [24] [0,0,0,1]
color [25] [0,0,0,1]
color [26] [0,0,0,1]
color [27] [0,0,0,1]
color [28] [0,0,0,1]
color [29] [0,0,0,1]
color [30] [0,0,0,1]
color [31] [0,0,0,1]
color [32] [0,0,0,1]
color [33] [0,0,0,1]
color [34] [0,0,0,1]
color [35] [0,0,0,1]
color [36] [0,0,0,1]
color [37] [0,0,0,1]
color [38] [0,0,0,1]
color [39] [0,0,0,1]
color [40] [1,0,0,1]
color [41] [0,0,0,1]
color [42] [0,0,0,1]
color [43] [0,0,0,1]
color [44] [0,0,0,1]
color [45] [0,0,0,1]
color [46] [0,0,0,1]
color [47] [0,0,0,1]
color [48] [0,0,0,1]
color [49] [0,0,0,1]
color [50] [0,0,0,1]
color [51] [0,0,0,1]
color [52] [0,0,0,1]
color [53] [0,0,0,1]
color [54] [0,0,0,1]
color [55] [0,0,0,1]
color [56] [1,0,0,1]
color [57] [0,0,0,1]
color [58] [0,0,0,1]
color [59] [0,0,0,1]
color [60] [0,0,0,1]
color [61] [0,0,0,1]
color [62] [0,1,0,1]
color [63] [0,1,0,1]
color [64] [0,0,0,1]
color [65] [0,0,0,1]
color [66] [0,0,0,1]
color [67] [0,0,0,1]
color [68] [0,0,0,1]
color [69] [0,0,0,1]
color [70] [0,0,0,1]
color [71] [0,0,0,1]
color [72] [0,0,0,1]
color [73] [0,0,0,1]
color [74] [0,0,0,1]
color [75] [0,0,0,1]
color [76] [0,0,0,1]
color [77] [0,0,0,1]
color [78] [0,0,0,1]
color [79] [0,0,0,1]
color [80] [0,0,0,1]
color [81] [0,0,0,1]
color [82] [0,0,0,1]
color [83] [0,0,0,1]
color [84] [0,0,0,1]
color [85] [1,0,0,1]
color [86] [1,0,0,1]
color [87] [0,0,0,1]
color [88] [0,0,0,1]
color [89] [0,0,0,1]
color [90] [0,0,0,1]
color [91] [0,0,0,1]
color [92] [0,0,0,1]
color [93] [0,0,0,1]
color [94] [0,0,0,1]
color [95] [0,0,0,1]
color [96] [0,0,0,1]
color [97] [0,0,0,1]
color [98] [0,0,0,1]
color [99] [0,0,0,1]
color [100] [0,0,0,1]
color [101] [0,0,0,1]
color [102] [1,1,0,1]
color [103] [1,1,0,1]
color [104] [0,0,0,1]
color [105] [0,0,0,1]
color [106] [0,0,0,1]
color [107] [0,0,0,1]
color [108] [0,0,0,1]
color [109] [0,0,0,1]
color [110] [0,0,0,1]
color [111] [0,0,0,1]
color [112] [0,0,0,1]
color [113] [0,0,0,1]
color [114] [0,0,0,1]
color [115] [0,0,0,1]
color [116] [1,0,0,1]
color [117] [1,0,0,1]
color [118] [1,0,0,1]
color [119] [1,0,0,1]
color [120] [0,0,0,1]
color [121] [0,0,0,1]
color [122] [0,0,0,1]
color [123] [0,0,0,1]
color [124] [0,0,0,1]
color [125] [0,0,0,1]
color [126] [0,0,0,1]
color [127] [0,0,0,1]
color [128] [0,0,0,1]
color [129] [0,0,0,1]
color [130] [0,0,0,1]
color [131] [0,0,0,1]
color [132] [1,0,0,1]
color [133] [1,0,0,1]
color [134] [1,0,0,1]
color [135] [1,1,0,1]
color [136] [0,0,0,1]
color [137] [0,0,0,1]
color [138] [0,0,0,1]
color [139] [0,0,0,1]
color [140] [0,0,0,1]
color [141] [0,0,0,1]
color [142] [0,0,0,1]
color [143] [0,0,0,1]
color [144] [0,0,0,1]
color [145] [0,0,0,1]
color [146] [0,0,0,1]
color [147] [0,0,0,1]
color [148] [1,0,0,1]
color [149] [1,0,0,1]
color [150] [1,1,0,1]
color [151] [1,1,0,1]
color [152] [0,0,0,1]
color [153] [0,0,0,1]
color [154] [0,0,0,1]
color [155] [0,0,0,1]
color [156] [0,0,0,1]
color [157] [0,0,0,1]
color [158] [0,0,0,1]
color [159] [0,0,0,1]
color [160] [0,0,0,1]
color [161] [0,0,0,1]
color [162] [0,0,0,1]
color [163] [0,0,0,1]
color [164] [0,0,0,1]
color [165] [1,0,0,1]
color [166] [1,0,0,1]
color [167] [0,0,0,1]
color [168] [0,0,0,1]
color [169] [0,0,0,1]
color [170] [0,0,0,1]
color [171] [0,0,0,1]
color [172] [0,0,0,1]
color [173] [0,0,0,1]
color [174] [0,0,0,1]
color [175] [0,0,0,1]
color [176] [0,0,0,1]
color [177] [0,0,0,1]
color [178] [0,0,0,1]
color [179] [0,0,0,1]
color [180] [0,0,0,1]
color [181] [1,0,0,1]
color [182] [0,0,0,1]
color [183] [0,0,0,1]
color [184] [0,0,0,1]
color [185] [0,0,0,1]
color [186] [0,0,0,1]
color [187] [0,0,0,1]
color [188] [0,0,0,1]
color [189] [0,0,0,1]
color [190] [0,0,0,1]
color [191] [0,0,0,1]
color [192] [0,0,0,1]
color [193] [0,0,0,1]
color [194] [0,0,0,1]
color [195] [0,0,0,1]
color [196] [0,0,0,1]
color [197] [0,0,0,1]
color [198] [0,0,0,1]
color [199] [0,0,0,1]
color [200] [0,0,0,1]
color [201] [0,0,0,1]
color [202] [0,0,0,1]
color [203] [0,0,0,1]
color [204] [0,0,0,1]
color [205] [0,0,0,1]
color [206] [0,0,0,1]
color [207] [0,0,0,1]
color [208] [0,0,0,1]
color [209] [0,0,0,1]
color [210] [0,0,0,1]
color [211] [0,0,0,1]
color [212] [0,0,0,1]
color [213] [0,0,0,1]
color [214] [0,0,0,1]
color [215] [0,0,0,1]
color [216] [0,0,0,1]
color [217] [0,0,0,1]
color [218] [0,0,0,1]
color [219] [0,0,0,1]
color [220] [0,0,0,1]
color [221] [0,0,0,1]
color [222] [0,0,0,1]
color [223] [0,0,0,1]
color [224] [0,0,0,1]
color [225] [0,0,0,1]
color [226] [0,0,0,1]
color [227] [0,0,0,1]
color [228] [0,0,0,1]
color [229] [0,0,0,1]
color [230] [0,0,0,1]
color [231] [0,0,0,1]
color [232] [0,0,0,1]
color [233] [0,0,0,1]
color [234] [0,0,0,1]
color [235] [0,0,0,1]
color [236] [0,0,0,1]
color [237] [0,0,0,1]
color [238] [0,0,0,1]
color [239] [0,0,0,1]
color [240] [0,0,0,1]
color [241] [0,0,0,1]
color [242] [0,0,0,1]
color [243] [0,0,0,1]
color [244] [0,0,0,1]
color [245] [0,0,0,1]
color [246] [0,0,0,1]
color [247] [0,0,0,1]
color [248] [0,0,0,1]
color [249] [0,0,0,1]
color [250] [0,0,0,1]
color [251] [0,0,0,1]
color [252] [0,0,0,1]
color [253] [0,0,0,1]
color [254] [0,0,0,1]
color [255] [0,0,0,1]
