color [1] [26,35,126,255]
color [3] [223,210,178,255]
color [4] [57,73,171,255]
color [5] [88,104,190,255]
color [6] [125,129,169,255]
color [7] [86,101,188,255]
color [9] [109,120,193,255]
color [15] [151,144,139,255]
color [20] [33,33,33,255]
color [22] [33,33,33,255]
color [23] [33,33,33,255]
color [24] [33,33,33,255]
color [25] [35,36,40,255]
color [27] [103,96,85,255]
color [29] [57,73,170,255]
color [32] [34,34,33,255]
color [33] [49,52,72,255]
color [36] [130,134,175,255]
color [37] [103,112,177,255]
color [39] [63,78,170,255]
color [40] [33,33,33,255]
color [44] [243,227,178,255]
color [45] [104,118,194,255]
color [48] [78,92,178,255]
color [49] [91,99,164,255]
color [50] [29,34,85,255]
color [53] [237,222,178,255]
color [55] [121,134,203,255]
color [58] [77,93,183,255]
color [59] [57,73,171,255]
color [65] [119,132,202,255]
color [67] [90,105,191,255]
color [69] [102,108,162,255]
color [70] [26,35,126,255]
color [72] [33,44,136,255]
color [78] [98,107,170,255]
color [80] [26,35,126,255]
color [81] [26,35,126,255]
color [84] [157,162,196,255]
color [85] [121,134,203,255]
color [88] [251,198,101,255]
color [91] [26,35,126,255]
color [92] [37,49,143,255]
color [99] [123,133,194,255]
